species_evolution/model_grid_steady_state_elevation_low_relief.txt
ncols 300
nrows 100
xllcorner 0.0
yllcorner 0.0
cellsize 50.0
[rows 34 to 50 of 100, columns 0 to 36 of 300]
5.001401107738144836e-01 5.663296257452244618e+02 5.083188207709561652e+02 4.667697297406779171e+02 4.283776238155659257e+02 3.962448451159381761e+02 3.685421741256880637e+02 4.013641842770109065e+02 4.217126133265339831e+02 3.530461323867792771e+02 3.010374396639068095e+02 2.019866603526998858e+02 2.903029577441790821e+02 2.194822905381181499e+02 2.605589085186788338e+02 3.111830495031081227e+02 3.826161018965975700e+02 4.819117719346993454e+02 5.174520739441582009e+02 5.574594098960583324e+02 4.968755117558900452e+02 3.973095507057554983e+02 3.260060833671398086e+02 2.877115640325087611e+02 3.459371744196140526e+02 4.450845086143582989e+02 4.568177090469659447e+02 3.584946743389600101e+02 4.576548266345100728e+02 4.634278658742219932e+02 3.911948487578937943e+02 2.922480916089151606e+02 2.211897468601684409e+02 2.681941557731489070e+02 1.795367001201713606e+02 2.302965015725304454e+02 3.297796926308867000e+02
4.122927988577813618e-01 5.878796066024727907e+02 5.370187923396276801e+02 4.958503191634969198e+02 4.618829640245796213e+02 4.325108258687707803e+02 4.062583140485780859e+02 3.827665075699377439e+02 3.604770354758796884e+02 2.826498279796198290e+02 2.118639200970635272e+02 2.999672354163152477e+02 3.416624814803109302e+02 3.186563471623313148e+02 2.526290377073563320e+02 3.513533606592798719e+02 4.144382764923386731e+02 4.510345137680541825e+02 4.923394561622306469e+02 5.426219688844189477e+02 5.083390496815603115e+02 4.087151009808381446e+02 4.018911757673216698e+02 3.032444939984608823e+02 4.026831092025212229e+02 4.857403214743176250e+02 4.591871224624182446e+02 4.298675881257051401e+02 4.979208153913635329e+02 4.633036759139327501e+02 3.641127799125338811e+02 2.927207436844734048e+02 3.195360339252194990e+02 2.847592881985887630e+02 1.862606921351333256e+02 2.857343765967541458e+02 3.698708518683685611e+02
4.425659424059941172e-01 5.476205259705317303e+02 4.478699053368491718e+02 3.969524884509201570e+02 3.630387379706363618e+02 3.337014157607167135e+02 3.074639485382975295e+02 2.835145581864214819e+02 2.613429366095932096e+02 2.406152362232819826e+02 3.090084866618451542e+02 2.225399763237720663e+02 3.214812317779162640e+02 3.762270456324540078e+02 3.516965687199883064e+02 2.886919608349491000e+02 3.158415397557715778e+02 3.516355639212754340e+02 4.025772969273576791e+02 5.026983077927310433e+02 5.480776012574820015e+02 4.888559869992479889e+02 4.183699614250896275e+02 3.194440811123422463e+02 4.185791725247433419e+02 5.016230543601408840e+02 5.575562034945032792e+02 5.284026420589412965e+02 4.787137943454421816e+02 4.373352786666218890e+02 4.315188011915042239e+02 3.476655905103155533e+02 2.955780977962087377e+02 1.966339784309065806e+02 2.050680886561622174e+02 3.040062635356167107e+02 3.738190826369124693e+02
9.899441461478253323e-03 5.883257774209636182e+02 5.376562758695606590e+02 4.965896341368400044e+02 4.626081770369277137e+02 4.335356424278172653e+02 4.070964553791489493e+02 3.825356280406352312e+02 3.603576783049024925e+02 3.363368971370002214e+02 2.385903490233766320e+02 3.206482068861518542e+02 2.370264267289133500e+02 3.361373667640400527e+02 3.914362022960106628e+02 3.883559612057875938e+02 4.150359432329809124e+02 3.985359106269276595e+02 4.919997425155000883e+02 5.427116358780309611e+02 5.223564222379520743e+02 4.485432103972866003e+02 3.491142879452490888e+02 4.180456638596236303e+02 3.613056923775753262e+02 4.610339760556175293e+02 5.514704850376122067e+02 4.792539856336074990e+02 4.201185717394908465e+02 3.377129893467847523e+02 3.585740096291028749e+02 3.062111747352412294e+02 2.071512725128654040e+02 2.951288190001304770e+02 3.039697885421449541e+02 2.334397266459169771e+02 3.330964245272614903e+02
3.608789514755903483e-01 6.050879180343644066e+02 5.640466073420293469e+02 5.562575659061820943e+02 5.157762000303794139e+02 5.205938463177193398e+02 4.706779345208482823e+02 3.724015592636563383e+02 3.534848758667134803e+02 2.549202441375259411e+02 3.377377339271762366e+02 3.771833720076336931e+02 3.355655772596544466e+02 2.517468442062403255e+02 3.513319050735686915e+02 4.302878036004883029e+02 4.715670156066020127e+02 4.978136792354541171e+02 5.396815290348422423e+02 5.517618448909406652e+02 4.532249749165612798e+02 3.821700904139056547e+02 4.485537732470671131e+02 4.898180928216352754e+02 4.603895668252017686e+02 4.124753211186936710e+02 5.111473039965994190e+02 4.377501043986359832e+02 3.376396563123938677e+02 2.793321627159694458e+02 3.161328476399804686e+02 2.178017231214936942e+02 3.058872382415276547e+02 3.081394269893073670e+02 3.598603234547109082e+02 2.613778352035008652e+02 2.788756030413621261e+02
6.793637569574966228e-01 5.642189355333732692e+02 4.649075071270810895e+02 4.917649027593190567e+02 4.167294094629953634e+02 4.334554977734945851e+02 3.818797259799604262e+02 3.702680755656449492e+02 2.717976287243105276e+02 3.254562125840296858e+02 3.957921378381396948e+02 4.192791109859377343e+02 3.203629643762360502e+02 2.621190418783835980e+02 2.958263307051103652e+02 3.318786421924821184e+02 4.032626039639717987e+02 5.033694632060598337e+02 5.989635548698626053e+02 5.010271395541988113e+02 4.298363211759757974e+02 4.272347026802982555e+02 5.227379193452499067e+02 5.824357650004138804e+02 4.842773774994535643e+02 5.110152280614085498e+02 4.990543519691820507e+02 4.422229253285108257e+02 3.433474944226227308e+02 3.266558400518797498e+02 2.285957190010551869e+02 3.158623142303973736e+02 3.583755326704849722e+02 4.067043228102826902e+02 3.912489363161192273e+02 2.920109148363825966e+02 3.773561305577036933e+02
3.501020888024632960e-01 5.509042149016189569e+02 4.513379421308571864e+02 3.930024208979041305e+02 3.622776013925513325e+02 3.342138579710701833e+02 3.108837684925441067e+02 2.892967112388266173e+02 3.702221080613887807e+02 3.728520911090926120e+02 4.651056415049836801e+02 4.600605637110187445e+02 3.730161567253338148e+02 2.735235330125753990e+02 3.718531640664759266e+02 4.302191552152586382e+02 4.326324831998186369e+02 5.320508410973785658e+02 6.106951974495523245e+02 5.125385153421842688e+02 4.876921806341152887e+02 4.855587149536901848e+02 5.684093445332234751e+02 6.234725997527094705e+02 5.822999536552065365e+02 4.888800183265511805e+02 4.463265795211229374e+02 3.586942984571432476e+02 3.413458039301060580e+02 2.428657269880712875e+02 3.267070523073683148e+02 2.463459446879229517e+02 3.453037051859908502e+02 4.048888548519959159e+02 4.246824416535145019e+02 3.260740049675636669e+02 4.246078985659863747e+02
2.577654662437028898e-01 5.921390432617362194e+02 5.341518575926716039e+02 4.925934716935043980e+02 4.616913227871615959e+02 4.332334135359268430e+02 4.025997780652787696e+02 3.046538797230402338e+02 3.758157627792003268e+02 4.715961870861790999e+02 4.804017910592222620e+02 4.394624869040042654e+02 3.874207676644498406e+02 2.886575163933908925e+02 2.990693845857560405e+02 3.983523850616015238e+02 4.655451594945175202e+02 5.171155817603040532e+02 5.876800233698245393e+02 6.108618640882311865e+02 5.590209752128357650e+02 5.849533146939236303e+02 6.245050589067112696e+02 5.776143024449414725e+02 5.070545378603118820e+02 4.464469198366914497e+02 3.471909148959827576e+02 3.558636143955017133e+02 2.575679575192524453e+02 3.410769097301380270e+02 3.826021000978240636e+02 3.455011692459631831e+02 2.645376589836120615e+02 3.637319405931497727e+02 4.236030626652230353e+02 4.249979496744177254e+02 3.906693687656159568e+02
3.770491593490498117e-01 6.430855118985726904e+02 5.850491612152760581e+02 5.436767161070674774e+02 4.963870232022529763e+02 4.274841945976571651e+02 3.283930830454460761e+02 3.755168728414005272e+02 4.459611517058999084e+02 5.147295720134999328e+02 4.399392115483356065e+02 3.403192337587707357e+02 3.108352318487880552e+02 3.875384750706613204e+02 3.980042680177365355e+02 3.258407002927055487e+02 3.761538430726741922e+02 4.471085498615352662e+02 5.409830959955304479e+02 5.926295928391551797e+02 6.566409553503428924e+02 6.047501756629808369e+02 5.603333768024093615e+02 5.185760414702249363e+02 4.366552475601655487e+02 3.655331559803357777e+02 3.732822742025539924e+02 2.752079809199927922e+02 3.557554354657575573e+02 2.863591524584298327e+02 3.857383043970842778e+02 4.048936068250911831e+02 3.631137833139961799e+02 2.834764417523063003e+02 3.826973692827568243e+02 4.443707617136728345e+02 4.891064340777442681e+02
4.424249823005699245e-01 6.031209388517328307e+02 5.034697370119801008e+02 4.450687018159292165e+02 4.549655462075723449e+02 3.562209743123015642e+02 3.639721249933066929e+02 4.631525045036086112e+02 5.156513561370649086e+02 4.906359679460057350e+02 3.914622376202111127e+02 4.279204724264891411e+02 3.296990317241449020e+02 4.289123639900087142e+02 4.654799329872630551e+02 3.761550443180861976e+02 3.596070459515615312e+02 4.005853101614686693e+02 4.514060607872105493e+02 5.515052374644021711e+02 5.922204148318527359e+02 5.344333290330338286e+02 4.643165820945325777e+02 4.192951477209205109e+02 4.355916153935676789e+02 3.923356853804631896e+02 2.938326931639152804e+02 3.740001361966617992e+02 4.061161574200589257e+02 3.075260078112795554e+02 4.069520175747837243e+02 4.465194092497630436e+02 3.477808329770920750e+02 3.820783324577467965e+02 3.039876615421824226e+02 4.031673494182032869e+02 4.569617695927306613e+02
4.491453636333779809e-01 6.283704087980592021e+02 5.296499589125738794e+02 4.850349198104609627e+02 3.864109490415265782e+02 4.549150114143389487e+02 4.092685226501101852e+02 5.048530329134684393e+02 5.543892143300603266e+02 4.560471728745731070e+02 4.898700345550865904e+02 4.485030915870842705e+02 3.497764022432500042e+02 4.488188416415080155e+02 5.152065364356251393e+02 4.474729186130552421e+02 4.585562247400615092e+02 4.051317268335677113e+02 5.042622292615087645e+02 5.906549569571124039e+02 5.516144781757426472e+02 4.517291242706839398e+02 3.933817572926416233e+02 3.640373455049685276e+02 3.369922029048441914e+02 3.136933235743623527e+02 3.925323190276682794e+02 3.946147982950017763e+02 4.290059016598366384e+02 3.304064537433563373e+02 4.292563527579449101e+02 4.869502126222257061e+02 4.191335213616337683e+02 4.442636347513743544e+02 3.746722125507031933e+02 3.255489700299139599e+02 3.577154324572016435e+02
9.785978432322908205e-01 6.001074524706990587e+02 5.007209157034999976e+02 4.297430726031462314e+02 4.445708573603962463e+02 5.259359529692702608e+02 4.678543500201124061e+02 5.499098085857308433e+02 5.566757810305178964e+02 5.547007889896295865e+02 4.878308763984950360e+02 3.883318952377873643e+02 4.485304391623989773e+02 4.008386827145388907e+02 5.001783037260601645e+02 5.460936324795023893e+02 5.055772782428408618e+02 4.761137710705515360e+02 4.771234188299210359e+02 5.765655309626135931e+02 5.647119617035325518e+02 4.652972523071973683e+02 4.923381042075300229e+02 4.628771864605969313e+02 4.298020687553746484e+02 3.317957431637061063e+02 4.306508089444565712e+02 4.926231727651089045e+02 4.315994950349679016e+02 4.293176359179950055e+02 3.691853356536566935e+02 4.683650459604294838e+02 5.178047819633770814e+02 5.146507703159136327e+02 4.422880503825548431e+02 3.432420521362500949e+02 4.416845564308307530e+02
4.367206573880856313e-01 6.009913014646666625e+02 5.015668095210795627e+02 5.008083539608568913e+02 5.442755001463701774e+02 5.848303042992735072e+02 5.678464104896489744e+02 6.091314285233839882e+02 6.548236428225698091e+02 5.709977451313820893e+02 4.709858260602480300e+02 4.220519759294557502e+02 5.204987101925249817e+02 4.719166071332673482e+02 4.728126022451245944e+02 5.722896132934272373e+02 6.048103000019568753e+02 5.760189850009885504e+02 5.771462953109642058e+02 6.181929264350388848e+02 6.059223765833329480e+02 5.640695441896248212e+02 5.332557826932152238e+02 4.348167521086621718e+02 3.640355141750569032e+02 4.305047940708863052e+02 3.828565558256299823e+02 4.821744228103252112e+02 5.300055142397944792e+02 4.700379323326742451e+02 4.680774963628222736e+02 4.172837079005440728e+02 5.168194699326963928e+02 5.316769047098158580e+02 4.326962610009328500e+02 3.617611920182271774e+02 4.607650778837035546e+02
3.726882381973416480e-01 6.423072007446639873e+02 6.012473702393966732e+02 6.002354014196022263e+02 6.168822641748106435e+02 6.058074388427767190e+02 6.172560628164865193e+02 6.576720114279030440e+02 6.664768510608290626e+02 6.124024249901685835e+02 5.623553845682382644e+02 4.675691427624236667e+02 5.624588365773452097e+02 5.717510714520881265e+02 5.726559991156575506e+02 6.140210739634252377e+02 6.771216343959092683e+02 6.375091273952193660e+02 6.507327103461008164e+02 6.907209632864455671e+02 6.159945204726039947e+02 5.160108606216936096e+02 4.575535581338459110e+02 4.071513471260960841e+02 4.090779125174253181e+02 5.033600723884134140e+02 4.539377864415984618e+02 4.548313933122298636e+02 5.541816341001758701e+02 5.690411199369405040e+02 4.996165122694360434e+02 4.756543164438371605e+02 5.576705786355141754e+02 5.436515134339706492e+02 4.441691168465674764e+02 3.934891449911636414e+02 4.017930214381677843e+02
3.328074196181050048e-01 6.732848765907191364e+02 6.323073396896386384e+02 6.172296575210141327e+02 5.186313643089463312e+02 5.066481921458815236e+02 5.183204822702099364e+02 5.664125809526345847e+02 5.679846310915712593e+02 6.546069731398533804e+02 6.087541621283528457e+02 5.392080380071147374e+02 6.089888730303739521e+02 6.639226453422164695e+02 6.242138531649076185e+02 6.234224656307909527e+02 6.207059586826089799e+02 5.384690219524655959e+02 5.520412992992685304e+02 6.514067160466037194e+02 6.565396670106780448e+02 5.784476813746443895e+02 4.788761955661338447e+02 4.779183782551708077e+02 4.674445866493481958e+02 5.496669556235010532e+02 5.534547378657294985e+02 5.549645075771730944e+02 5.963582777240745827e+02 6.394092281129782123e+02 5.990187372721794645e+02 5.752950757484616133e+02 6.152144411042105503e+02 5.852301334685414531e+02 5.266041453859083958e+02 4.273628392828389906e+02 5.003615446323726133e+02
8.185954259322024695e-01 6.325786204337221079e+02 5.332686515951636466e+02 5.604243121900445885e+02 5.291331335077659332e+02 4.357161091110901339e+02 5.336022418439218882e+02 4.669400486714706631e+02 5.162535878383165482e+02 5.680573774190879703e+02 6.658952240983193178e+02 6.388428359998993074e+02 6.774351345912274382e+02 6.246956184847728082e+02 5.252423997592309206e+02 5.243838771177204308e+02 5.785681652246614703e+02 4.801383163555939291e+02 5.788505380554800013e+02 6.409103797278955881e+02 7.092699960491842148e+02 6.199608873280907346e+02 5.787381374793089890e+02 5.776108448939367008e+02 5.671947067823283533e+02 6.069724680071849434e+02 6.015554345747455045e+02 6.418008914918634673e+02 6.534526653489757564e+02 6.581587311114457179e+02 6.160353600896745547e+02 5.755541160346010656e+02 5.889719194302386995e+02 6.286375632588485587e+02 5.683314698611203539e+02 4.728688910184951055e+02 5.668015868548318394e+02
4.064455858081106321e-02 6.192544752594303645e+02 5.196947622886953013e+02 4.613625400175250775e+02 4.306549841892974655e+02 4.034979692849187245e+02 4.732928260016775539e+02 4.163001129122648649e+02 4.670309645961805245e+02 5.660558658116724473e+02 5.971933374841502200e+02 6.371991790710017085e+02 5.796630417504512707e+02 5.777452562774578837e+02 5.519969455315614368e+02 4.532480093976671469e+02 5.131580417579064033e+02 4.494380165593171341e+02 5.001823593402120309e+02 5.712672032487556635e+02 6.307224641317088754e+02 5.906088925035988950e+02 6.305289292646127706e+02 6.508744444027302052e+02 5.933751384334107115e+02 5.525646870847850778e+02 5.024778606683167368e+02 5.841329078227315676e+02 5.548582469537698216e+02 5.927475455720334594e+02 5.182975052594135832e+02 4.759791382363732168e+02 4.894306716908827184e+02 5.886168835599812610e+02 6.128399518525387748e+02 5.444863620712301326e+02 6.127923018158007835e+02
