species_evolution/model_grid_steady_state_elevation.txt
ncols 20
nrows 100
xllcorner 0.0
yllcorner 0.0
cellsize 200.0
[rows 0 to 31 of 100, columns 0 to 19 of 20]
1.809834832456423959e-01 8.088998692597656470e-01 8.392681059508189101e-02 6.142471672272573624e-01 6.958706708354189807e-02 9.712675800156825856e-01 5.914918342378857607e-01 2.642387129865474416e-01 4.060994182793516982e-01 8.968021958720614473e-01 3.985800262419907369e-01 9.749902148628486476e-01 3.418871866589793251e-01 1.444538552612200100e-01 3.813203654759157457e-01 1.962099087948562248e-01 6.140406546931328480e-01 7.563429349653111311e-01 6.595178591752035580e-01 7.680478391615519485e-02
2.133813620566893388e-02 8.254456125534486155e-01 1.254641686318667404e-01 8.254387236021474283e-01 7.695816528344529006e-01 7.695870670835406324e-01 1.069729999866958492e+00 3.697676835887646618e-01 1.106064021412065168e+00 1.388485352725195909e+00 7.116295430919608034e-01 1.331802716716102175e+00 1.041863020704530962e+00 4.575033721111902985e-01 1.081284915127505242e+00 8.961796504118856310e-01 2.384984553279685948e-01 9.384769742579249785e-01 1.359485903338597534e+00 4.559095561962831500e-01
7.747399961122896084e-01 8.672102431092438835e-01 1.672226676708992721e-01 8.671942774068955861e-01 1.216829026462314056e+00 1.469551532812962691e+00 1.177768954486081210e+00 4.777800285622288978e-01 9.727547753928117436e-01 1.672714691431671064e+00 1.115774731524698637e+00 1.701537570825021994e+00 1.157503372111189144e+00 9.524781189417731442e-01 1.301039857020581447e+00 9.684255251444466861e-01 2.684556898037325223e-01 6.184556898037327777e-01 1.318437569573514656e+00 4.238544043699162822e-01
3.874425333874308430e-01 1.157161183799533699e+00 6.621948308848162323e-01 2.269188682504701682e-01 7.218936150810529861e-01 1.421873255721990859e+00 1.291316242044973084e+00 5.913350233537624234e-01 1.291305363216717961e+00 1.756255031067182948e+00 1.815765421085218545e+00 2.105697836250715937e+00 1.857490065881642227e+00 1.652443680053284458e+00 1.011135443063213124e+00 3.111354430632110035e-01 9.684227075796396633e-01 1.258382778965981830e+00 1.318455689803734732e+00 5.593015875462854503e-01
2.297892963251733089e-01 1.652089164103943908e+00 9.694330918180541490e-01 2.694408399966252698e-01 7.644155868272077825e-01 1.464391587285585494e+00 1.291335023353761269e+00 1.291314123679508929e+00 7.663350233537622458e-01 1.466322948627748479e+00 1.946770362754824291e+00 2.350897888044421791e+00 2.030450856172567153e+00 1.536357723924829166e+00 8.363738289754927280e-01 3.413990821449092161e-01 8.363738289754927280e-01 1.536352892921013291e+00 2.018421876934971326e+00 9.988253213500764005e-01
7.258701779544721733e-01 1.364088088964811263e+00 1.012251845065815337e+00 3.122801442919725945e-01 8.072548911225549961e-01 1.507237141507153044e+00 1.991291304673533435e+00 1.756269904923867697e+00 1.466302144916841188e+00 9.568508922368982317e-01 1.360996080669635955e+00 2.060980594611644179e+00 1.740525458677524284e+00 1.040525458677522330e+00 6.363802702447831638e-01 3.718051391383240811e-01 7.759503275710624148e-01 1.270925074401647148e+00 1.970903545167005388e+00 9.287201479155304806e-01
4.863484278130933980e-01 1.074141921423948043e+00 3.741519876457954918e-01 1.012238125153146040e+00 7.164253327247100955e-01 1.120570521157448152e+00 1.820565853755980790e+00 1.890167353582684617e+00 1.190184225570231291e+00 1.656809723062436568e+00 1.528398498886305301e+00 2.228373806957433256e+00 1.907920809211705704e+00 1.207927876894193009e+00 1.102494425781704646e+00 4.025317288297544094e-01 1.102494637830089497e+00 1.436334187419497921e+00 1.840483812933541463e+00 5.693794815915963481e-01
1.829091147604863243e-01 1.118141368538468017e+00 4.181606105881306990e-01 1.118139733137357039e+00 1.416404346514617441e+00 1.706370416877759810e+00 2.110505795884609626e+00 2.180126906264088227e+00 1.890162614605167990e+00 1.454759356676690096e+00 2.154723922605116471e+00 2.518311522735254382e+00 2.197847833048418575e+00 1.506664927675854360e+00 8.066769172624927986e-01 1.102488367667298963e+00 4.464104686862599980e-01 8.505556571189984982e-01 1.550545238123256508e+00 4.932303458237607963e-01
6.349564441547724813e-01 1.162413260671663950e+00 4.624324978304880096e-01 8.665776862632255106e-01 1.361552433093808467e+00 2.061512575579627082e+00 2.359348339177128384e+00 2.649691611018218040e+00 1.949734103507271499e+00 2.154743771581437706e+00 1.828925095354084096e+00 2.528901133631719755e+00 2.078224523911903709e+00 1.378224523911902644e+00 1.506644225909890666e+00 1.177579542933489654e+00 4.775909469093761461e-01 8.817361353421144798e-01 1.581724001080843545e+00 2.082256423730091122e-01
2.025654549495081724e-01 1.207134615461875393e+00 5.071538573804836858e-01 1.207125386134374923e+00 1.665233764080460643e+00 1.369427285491350066e+00 1.864402032321932801e+00 2.564387475392124749e+00 2.444708850337852013e+00 2.818828412251124238e+00 2.233070283786820376e+00 2.818810078581420075e+00 2.368141302289210159e+00 1.765282151336384775e+00 1.475328699340525906e+00 1.208899290112527281e+00 5.089272505818853709e-01 1.208912455258420504e+00 1.871644405039329273e+00 7.176106048408340543e-01
1.578619188060434997e-01 1.252132349542173229e+00 5.521515616378093183e-01 7.542241558541780133e-01 9.652820970586123428e-01 1.665273798946163009e+00 2.069427285491345359e+00 2.769403801537221543e+00 3.144671823391987697e+00 3.222976997560123014e+00 2.933032500786840302e+00 2.441009904079995074e+00 1.946033318047584837e+00 1.475333829504524630e+00 7.753464407652299606e-01 6.570248451032376646e-01 5.403581784365709684e-01 1.035332925267155701e+00 1.735313970458153721e+00 1.714013705609996885e-01
2.005623169598924616e-01 1.298490953254787694e+00 5.985101941350857713e-01 1.298487346744066517e+00 1.665258580245535525e+00 1.955210616518161526e+00 2.155210914608824968e+00 2.445169864908908419e+00 2.795171202610071681e+00 2.865287068458177266e+00 2.461156402630270801e+00 2.148078682810434348e+00 1.451060410418827828e+00 9.560856635882430954e-01 1.475320294688943434e+00 1.273080141728742065e+00 5.731027973173201673e-01 1.273068301886059572e+00 1.609699993764468928e+00 1.186528485066302707e-01
7.689216859274132787e-01 1.345164300827373260e+00 6.451768608017524054e-01 1.345145562897885894e+00 1.586900837852462720e+00 1.781035552773389430e+00 1.455230049405167758e+00 1.805230049405167403e+00 2.505228673529308558e+00 2.575340676798547612e+00 1.875352963087323133e+00 1.471207774654583744e+00 1.158158257804612568e+00 1.656074225047114323e+00 1.946008189248901621e+00 1.563037960166128837e+00 9.772479857500591116e-01 6.197694639839868014e-01 1.319759097898056233e+00 2.067704839017209251e-01
6.018576839230349584e-01 1.635098590081352832e+00 1.345132674395931316e+00 7.119192420489437456e-01 8.869192420489435680e-01 1.081064310727773536e+00 1.576039057558356493e+00 2.276023860545353550e+00 2.795136934748160495e+00 2.608721823779996285e+00 1.908736864804275513e+00 1.413762117973691002e+00 1.858132831521265071e+00 2.148099685092981215e+00 2.377202730897085559e+00 1.677247639231054244e+00 1.352847943660042018e+00 6.528783278728149675e-01 1.352859081646889727e+00 6.072362325871077937e-01
2.787510493090543662e-01 1.481564791184505792e+00 7.815718453636428809e-01 1.411872074364532104e+00 1.586899555864737854e+00 1.781047669304720360e+00 2.070988376963787125e+00 2.375071425340853803e+00 2.665024123563892289e+00 2.608727135542713516e+00 1.908736864804275513e+00 2.113738561250531056e+00 1.787927856651086334e+00 2.487896659418785017e+00 2.103293563006864098e+00 1.403293563006863032e+00 9.991483745741236433e-01 6.860988577241524666e-01 1.386079615492822992e+00 9.076115073590859117e-01
4.389170458619193749e-01 1.771507510198741198e+00 1.481546822545509290e+00 8.519244924317876944e-01 1.551896837697444909e+00 1.780096291645286266e+00 1.880096652821149128e+00 1.675093787223222552e+00 2.375093787223217845e+00 2.898631695900316885e+00 2.608731983346954664e+00 2.487927856651086955e+00 2.282902603481669956e+00 2.777828293988877650e+00 2.393227276980256057e+00 1.989061934484728900e+00 1.419570172289165821e+00 7.195843988505982169e-01 1.419565152685175802e+00 1.030165559999944858e-01
7.956774732520333071e-01 1.986101391016462436e+00 1.611268293931556794e+00 9.112977175093855964e-01 9.830465060532246335e-01 1.080119040392639729e+00 1.180119040392639596e+00 1.880089824538934362e+00 2.268037510128766865e+00 2.558001044573568805e+00 2.962120088016979569e+00 3.187888118391790648e+00 2.982865759532354666e+00 2.651405554465868786e+00 2.285880453176307725e+00 1.790924893588067945e+00 1.453156654810873638e+00 7.531854741022105948e-01 1.453173273366683116e+00 3.490532994493578123e-02
1.292936512959499407e-01 1.696157039677127498e+00 9.961851862721021744e-01 1.611264210802710650e+00 1.333046506053224611e+00 1.780105174558882730e+00 1.880089752713087980e+00 1.334723176897424590e+00 1.568056510230757539e+00 1.972201698663494263e+00 2.672200563591709876e+00 2.873618752285604039e+00 2.469495565436410800e+00 2.156432276312758134e+00 1.661471301755856445e+00 1.295955432872719637e+00 8.009806860421349040e-01 1.453139696590633800e+00 1.743105730127018305e+00 2.810936439602409465e-01
6.841734284590167414e-01 1.082677475122232336e+00 1.696161106388845985e+00 1.986112452512269311e+00 1.828021252883807346e+00 2.322952788402543600e+00 2.160411238508357368e+00 1.460446888316166980e+00 2.160401818469349866e+00 2.139604116880161833e+00 2.839581200273189499e+00 2.583691260207983120e+00 1.883691260207982499e+00 1.479546071775243110e+00 1.166496554925271933e+00 9.914965549252714450e-01 1.500931880537707430e+00 8.506648269112722094e-01 1.550651838154843531e+00 4.639155714634851657e-01
1.938962449904778618e-01 1.144071536473724393e+00 1.844041776213836803e+00 2.221834471232063457e+00 2.527986783575959517e+00 2.381794014204756227e+00 1.681806324527953311e+00 2.160416141954899949e+00 1.834612626993560980e+00 2.534593237569785718e+00 3.129502556369052613e+00 2.765604350966158087e+00 2.065616490188594945e+00 1.570641743358011322e+00 1.866442849057533326e+00 1.212855991137058442e+00 1.585854779806061376e+00 8.858856492911361125e-01 1.585866403627906873e+00 6.493416845356893008e-01
3.507527448823520855e-01 1.844039605451572195e+00 1.231915349193066556e+00 1.726890096023649512e+00 2.426876162550293703e+00 2.546778796053639216e+00 1.846797906804814371e+00 2.546756658240135973e+00 2.534596617041899869e+00 2.329587373824141494e+00 3.029573692616720937e+00 2.842181121239250707e+00 2.142189350007419613e+00 2.262807316549067416e+00 1.562855991137059419e+00 1.912825666971232907e+00 1.621224123467146061e+00 9.212409883504635300e-01 1.621221742573570879e+00 8.334578320704773002e-01
4.080251058651293006e-01 1.995010594650264313e+00 1.295032223619786871e+00 1.699177412052524705e+00 2.399177412052519998e+00 2.836712985184123514e+00 2.250943095237550651e+00 2.145278909702667214e+00 2.845249111839272427e+00 3.029572497491423100e+00 3.319525362975753513e+00 3.132129163607083822e+00 2.705551853020897735e+00 2.005574863560632970e+00 2.262823459300562945e+00 2.151676314032042736e+00 1.451707144040485620e+00 9.567323972099011087e-01 1.656713152922737020e+00 9.496513123696417313e-01
5.273750414908437989e-01 2.059453220412760022e+00 1.359472446872669549e+00 2.059462399123466625e+00 2.689106181483000846e+00 3.240829596864220008e+00 2.950926870470516938e+00 2.495278909702665082e+00 2.587997782126238100e+00 3.082972528956818614e+00 3.782913335136037780e+00 3.405542401742753356e+00 2.705574863560634036e+00 2.705528218975136401e+00 2.148219822893153719e+00 1.858262560160397481e+00 1.692368542830849920e+00 9.924077006105349597e-01 1.692395442844763176e+00 6.379695215441255618e-01
1.072659721135148514e-01 2.124734712206551190e+00 1.424747783449491489e+00 2.124720678992911616e+00 2.509495702919732452e+00 2.822563862755747888e+00 3.226662849177698522e+00 2.899424098135400918e+00 3.287992355323804183e+00 3.577894530127627259e+00 3.171128287332948048e+00 2.821128287332947515e+00 2.531165038455887029e+00 2.266592530163944463e+00 1.858255845679777085e+00 1.158270329231986251e+00 1.043191038118235880e+00 1.692362195352663967e+00 1.982328217648520186e+00 2.714548872190858386e-02
4.416927560527508234e-01 2.414686299955903337e+00 1.919721904434963600e+00 1.519567748056494860e+00 1.832617264906465149e+00 2.236762453339201429e+00 2.936762453339197165e+00 3.599392910338997886e+00 3.889308962525797053e+00 3.376150108652143711e+00 2.676153540502364869e+00 2.181178793671780802e+00 1.831178793671780269e+00 1.566603662565320576e+00 1.333270329231986739e+00 1.858246264069380205e+00 1.743166625969545303e+00 1.096799808792959796e+00 1.796767896234862993e+00 6.358762077288815373e-02
9.962659827820948832e-01 2.909623638039699589e+00 2.288867709934530481e+00 1.588878076064861977e+00 1.938875922306088295e+00 2.343021469698619796e+00 2.837996216529200311e+00 3.537980042598139807e+00 3.586443312628395219e+00 3.236441243868514839e+00 2.946483286665170898e+00 2.713135009446861368e+00 2.254599038511900133e+00 1.554629765443773959e+00 2.033259950177850772e+00 2.323185194557974675e+00 2.086719624468609258e+00 1.796754489487666806e+00 1.150725793896954174e+00 1.105168049628544313e-01
4.913756992721451944e-01 2.761628474526459875e+00 2.360295163452282186e+00 1.660321526896037847e+00 1.847404396234734847e+00 2.547384666705220013e+00 3.135794469786575611e+00 3.539944517051063055e+00 3.296508413396836090e+00 2.596508413396835024e+00 2.246508413396834491e+00 2.013175080063501099e+00 1.802117138859066436e+00 2.254610195768912195e+00 2.544532778806580797e+00 2.399762410405867463e+00 1.699787259377576909e+00 1.204812512546992176e+00 1.850691327386964291e+00 2.394667898569136089e-02
3.036618913988722301e-01 2.471690478232965393e+00 1.771699546680640003e+00 2.360296506758485791e+00 2.547380290981855033e+00 2.145885399132588134e+00 2.550030587565323970e+00 3.250023984498837226e+00 3.586428411093261825e+00 3.236456287820993705e+00 2.946484882917636217e+00 2.373664745508475171e+00 2.502089047742487082e+00 2.405538363008052460e+00 2.262664861218099066e+00 2.127947921584568913e+00 1.943191397973232482e+00 1.243230003543383866e+00 1.943216183191763813e+00 4.275967114894387855e-01
8.706181196182229964e-01 2.551981569238132241e+00 1.851995053535336666e+00 2.551965718939891659e+00 2.959383645683996811e+00 2.845869359658220077e+00 2.588604271556159020e+00 3.083579018386739534e+00 3.783553947045057875e+00 3.773621518306021994e+00 3.073664745508476237e+00 2.916827012430488697e+00 2.405547340161650727e+00 1.705563036830990198e+00 1.562676135168637792e+00 1.427961072357724959e+00 1.297974335633788279e+00 1.943197969828131866e+00 2.233168914846592745e+00 7.313735549582975892e-01
9.015958986452090596e-01 2.841922492515727594e+00 2.551956410951456977e+00 1.969480443696872918e+00 2.669466670521833951e+00 3.106350246623261313e+00 3.288577336151245589e+00 3.578532500645189351e+00 3.778902838598665603e+00 3.428925566553226556e+00 3.138957825395868095e+00 2.626912833406054748e+00 1.926922473042777195e+00 2.405538774527206769e+00 2.262662686347623797e+00 2.038563702276749545e+00 1.338592455356784505e+00 1.833567202187369016e+00 2.533540817396298994e+00 7.253560702189691956e-01
3.868068473365828819e-01 2.839221846627898671e+00 2.139255381222305186e+00 2.669440693836087508e+00 2.141808531067937782e+00 2.406383662174395255e+00 2.901358409004975769e+00 3.601337548630914043e+00 3.488984762813492679e+00 2.788984977564529011e+00 2.438984977564528478e+00 2.174409846458069229e+00 2.626905902360105127e+00 2.844745077934438982e+00 2.554821223474394998e+00 2.079480720302545382e+00 1.379486892005373555e+00 1.874461638835958066e+00 2.574444308570430273e+00 3.689247100342296637e-01
3.314190253004438702e-01 2.317055559022571209e+00 2.839234095824093806e+00 2.981780876812216707e+00 2.281808531067937018e+00 2.981777456955058359e+00 2.977931268823799549e+00 3.677920662995485479e+00 3.778898259001750581e+00 3.248552644432662451e+00 2.548575585135464117e+00 2.874394788850357596e+00 2.958976060086814464e+00 2.258998794503621177e+00 1.854853606070882677e+00 2.120618075520662060e+00 1.420663362593608925e+00 2.120641167880806588e+00 2.685138910743117169e+00 7.151593822223918373e-01
