species_evolution/model_grid_steady_state_elevation_low_relief.txt
ncols 300
nrows 100
xllcorner 0.0
yllcorner 0.0
cellsize 50.0
[rows 34 to 50 of 100, columns 259 to 295 of 300]
4.562961706229629613e+02 4.320111801896391626e+02 3.616183817183044766e+02 2.986063370013511644e+02 1.999879632973210732e+02 2.712224274585294665e+02 1.736558007179951346e+02 2.722665680251471372e+02 3.232497043169429958e+02 3.663917288231473890e+02 3.554592713676775588e+02 3.965899257832498961e+02 4.544164973752198762e+02 4.074480742930098813e+02 3.078151173185214020e+02 3.517056041726561375e+02 3.046034042439961240e+02 2.053680015314068328e+02 3.049692102804345382e+02 3.959050333082428779e+02 4.365498163450463380e+02 3.683250868907942390e+02 2.764880558680564491e+02 1.773822404108092314e+02 2.758626848744755193e+02 2.909357573461533093e+02 3.909090681012463051e+02 4.661467576787553071e+02 3.781122952481963466e+02 4.679739666383356962e+02 5.006068341207152343e+02 4.098664246976587719e+02 3.101006405193357409e+02 2.794190165400714250e+02 3.774031821026478042e+02 3.188359387960005620e+02 4.183439391841061479e+02
3.568047213512088547e+02 3.728532770901427966e+02 2.923782973351615055e+02 2.216065406068908032e+02 2.982226434544638209e+02 2.561905871939467829e+02 2.722512699217666636e+02 1.828327101928306604e+02 2.818690482270524740e+02 3.330662964698059341e+02 3.757322014069540046e+02 4.177673785033970830e+02 4.887422711147212908e+02 3.909352592261726045e+02 4.067995840125735754e+02 3.857522264097644893e+02 2.871225913276389292e+02 2.162515540735311959e+02 2.874144601921807975e+02 3.864490254516913978e+02 4.062032333379883653e+02 3.066995152143440464e+02 2.350759970922935906e+02 1.846014408890083871e+02 2.557672024055643476e+02 3.549099506934293800e+02 4.313070797878689859e+02 5.162853964118553449e+02 4.779459077126916213e+02 5.179989496900062704e+02 4.608530126370695825e+02 3.611188065755354728e+02 3.916805396644871280e+02 2.934002440713795181e+02 3.926854242281921756e+02 4.175801726399094491e+02 3.561557993458810074e+02
3.120906335223134533e+02 2.740432888136479619e+02 2.449796320056437082e+02 3.202446701606284023e+02 3.221325997179626484e+02 3.269586857691343766e+02 3.234296040607662235e+02 2.816011115925937816e+02 1.919655339964437246e+02 2.905394382303657039e+02 2.768361136603389241e+02 3.761750783670113947e+02 4.421014517766722633e+02 4.888983019818406888e+02 4.358222484936611067e+02 3.361803348608193005e+02 2.776887808788957273e+02 2.276096268828210327e+02 3.258471565046473302e+02 3.455073610307203467e+02 4.435208097595598815e+02 3.754491181306326553e+02 2.912974635258714216e+02 1.921496902666560231e+02 2.906201541897627294e+02 3.437287387653432233e+02 3.781665213482144736e+02 4.205297305551402474e+02 4.903146831004950741e+02 5.420377502389835627e+02 4.440614574069226137e+02 4.318238006813882066e+02 4.073759115959909423e+02 3.078964503360746221e+02 4.067073021917747155e+02 4.689201931512416763e+02 4.552101067591590322e+02
3.460647827049702983e+02 2.756952419386309998e+02 3.437695177998485860e+02 3.461020878767895397e+02 4.208321918903926075e+02 4.250407808644908982e+02 3.553760418945999504e+02 2.999227977558027760e+02 2.012349925322591844e+02 2.047920799144708042e+02 3.029016392419744079e+02 3.009238806582610550e+02 4.001126150744138386e+02 4.555578106917205901e+02 4.760404279375130727e+02 3.990126002627415005e+02 2.994605143913710776e+02 3.260332987777669018e+02 2.448497922152190256e+02 3.158858792455328626e+02 4.150285967725116620e+02 3.749169284948903851e+02 2.751567333557144934e+02 2.900756089444392956e+02 2.030373472109741897e+02 3.014859164422639992e+02 2.785824188894789586e+02 3.498545147949400302e+02 4.423785810177734561e+02 4.848032110881911763e+02 5.419859867967290938e+02 5.303947762025610473e+02 4.497485424795630138e+02 4.066218705098252144e+02 3.296009707134929272e+02 4.288619652072297299e+02 4.927123341100472089e+02
3.117394251674579095e+02 3.748971066295922014e+02 3.767083513467312628e+02 4.446684258756427539e+02 4.391443528878988900e+02 3.698662900577043047e+02 3.139125496831709938e+02 2.147831034176472826e+02 3.001021888740941108e+02 3.035631649442389630e+02 2.180772826489183558e+02 3.162590854672124010e+02 3.147195021118448608e+02 4.141828436075193167e+02 4.858246472876029998e+02 4.409176762253473498e+02 3.984927688079803261e+02 3.562930362842201930e+02 2.573916996555381047e+02 3.281327245640093224e+02 4.271029429004221356e+02 4.156133983721594518e+02 3.562709227336416120e+02 2.576188097797807472e+02 3.007841526860656245e+02 2.142387064262536001e+02 3.126861006708699620e+02 3.655445056372023487e+02 3.432892374758321239e+02 4.254031383216422455e+02 4.715718048862120781e+02 5.287923858202502743e+02 5.007885678212950893e+02 4.015693615835948549e+02 4.281266624747757419e+02 3.532519863455885911e+02 4.247217152903204465e+02
4.114662283723149017e+02 4.520310448680234572e+02 4.749197398055443387e+02 4.532389764628464945e+02 3.838163083617448592e+02 2.993443743458242920e+02 2.285912267114173915e+02 2.852771784796386214e+02 3.554544092150189272e+02 3.586851858480160899e+02 2.888088684885194084e+02 2.318029515604863207e+02 3.301354707190168938e+02 3.464941780163655380e+02 4.369827807440922243e+02 4.901222754456246662e+02 3.920440903086930007e+02 3.207634153272513799e+02 2.702835599586385911e+02 3.284584187202137286e+02 4.279260850889816652e+02 4.290386152945330878e+02 3.297463405354303063e+02 3.558568487864146732e+02 2.786065902099393270e+02 3.122510531498741102e+02 2.257888376975492690e+02 3.241500106061723727e+02 2.849032468041602897e+02 3.302325223026060144e+02 3.889003092267885791e+02 4.887705043135262031e+02 5.412250351309899088e+02 5.011457215002267276e+02 4.698988432031347884e+02 3.710637397478994330e+02 4.696737330776299473e+02
4.986427956080761419e+02 4.586531366904210927e+02 4.113525192783682201e+02 3.693740235257534437e+02 3.134604343214075470e+02 2.428705674381667734e+02 3.265892662183510424e+02 3.293255528667891667e+02 4.253158024986518626e+02 4.290686838662098808e+02 3.727705391353909476e+02 3.306776029737702629e+02 2.458149517083999740e+02 2.962912330372994347e+02 3.676109240523987864e+02 4.669639147560047263e+02 4.604619941775058578e+02 3.832641327042430817e+02 2.842742018705453120e+02 3.837209600562362084e+02 4.683239796797888630e+02 4.707669556973116300e+02 4.292012785833258590e+02 3.614011971029143524e+02 3.776145812359019374e+02 3.121422950611170108e+02 2.412182530419302964e+02 2.395144727567123937e+02 3.378940084269079307e+02 3.940982825305643473e+02 4.643102286142684534e+02 4.901650406181213384e+02 5.314951902035171543e+02 5.524219917303124703e+02 4.541879840051179826e+02 4.698474028705766727e+02 3.992127337173446904e+02
4.590997920204299021e+02 3.596963584459587651e+02 3.684006728133539923e+02 2.697106130228197003e+02 2.584907555088820459e+02 3.412108570591363446e+02 2.828104817365660324e+02 3.820287427276733752e+02 4.690309761335465737e+02 4.612585586876079446e+02 4.152855197477299498e+02 3.548626653110083566e+02 2.561688152539771295e+02 3.543131564754189071e+02 3.791253096933280062e+02 4.777781496339248974e+02 4.567496182037501740e+02 3.571001069797084710e+02 2.987071305727527033e+02 3.975534747655894421e+02 4.614826889333583608e+02 5.307550058856916166e+02 5.022298260985063507e+02 4.610928529892183860e+02 4.515803606159554420e+02 3.571468297501133407e+02 2.575063167955053132e+02 3.375006191721047344e+02 2.542074401743975329e+02 3.249475281280386980e+02 4.094981993170229657e+02 3.909378122253752963e+02 4.731702220275902846e+02 5.238602166633332899e+02 5.527906780916786147e+02 5.238659927653204704e+02 4.246539139279249184e+02
3.894717344132388916e+02 3.858833492151085807e+02 2.876844569990251443e+02 2.974958987316526873e+02 3.579524153683676673e+02 3.984007688262419151e+02 3.184895553495867944e+02 3.654714587857374113e+02 4.645884667238972838e+02 4.210068182725767656e+02 3.212201805308191069e+02 2.757231367489848139e+02 3.542241531051664651e+02 2.789398440170596132e+02 3.501710392450689255e+02 4.496964376172586526e+02 4.970403741181840473e+02 4.398479220208268998e+02 3.974505398435707093e+02 3.208641843938458464e+02 3.917285544526844774e+02 4.859270607549302667e+02 5.432531990550082810e+02 5.009503148079198240e+02 4.426812578087095744e+02 3.731800603584140958e+02 2.742465711665251433e+02 3.731581261060823067e+02 3.531792066028345403e+02 2.692686285799495636e+02 3.676621912094832396e+02 3.325686607335695726e+02 3.832356738173728559e+02 4.548099548935136340e+02 5.540472388368751808e+02 5.647826332087748824e+02 4.697569396821077135e+02
4.050250154740277253e+02 3.066791606469281533e+02 3.859829825267067349e+02 3.268828962297016005e+02 4.252630302712869366e+02 4.555067275806441671e+02 3.569805795449206016e+02 4.560668533548611094e+02 5.054356868834477723e+02 4.219580001543181993e+02 3.894485929403870728e+02 2.905325267513014751e+02 3.886973269902050561e+02 2.962254406377447253e+02 3.945334019560806382e+02 4.221806119180042174e+02 5.206433525116680130e+02 4.920579408722521748e+02 3.928408607078886234e+02 4.194247438633207707e+02 3.454517991387724578e+02 4.040214784209428558e+02 5.033698937391185382e+02 4.606928310062860419e+02 3.607130690852102930e+02 3.023115253293676687e+02 3.100114101214393258e+02 4.085490162561534930e+02 4.101194303855301655e+02 3.684274584470650780e+02 2.847491068204309954e+02 3.831630398371739261e+02 4.415164716221423760e+02 5.115572604026663157e+02 5.603950351198820954e+02 6.085854093394810889e+02 5.283006838281877435e+02
3.292568296333586773e+02 3.356905072518140400e+02 4.343788911644847417e+02 3.977814407723170689e+02 3.777361591893502464e+02 4.764802231716897154e+02 4.155580162748819930e+02 4.982434753851367191e+02 5.602294043245922239e+02 4.698239450036879248e+02 4.048175621729792510e+02 3.059811022248572954e+02 4.051600431395373789e+02 3.951746076664395559e+02 3.216988349834086875e+02 3.924969714109203096e+02 4.917686237852267936e+02 5.327625987237546497e+02 4.922625087733022156e+02 4.630675643237967165e+02 3.644654632359844868e+02 4.630943853167725592e+02 5.366453349003660378e+02 4.822311144062157950e+02 3.824892965176177881e+02 3.243806507198291342e+02 4.084552904181457507e+02 3.744950093934209576e+02 4.729995113683417571e+02 4.259046866859226839e+02 3.552834985171082849e+02 3.015768798781858777e+02 3.721253177016125164e+02 4.197350385922026703e+02 5.048019328874378289e+02 5.638834905142020943e+02 6.266844690214052207e+02
4.275567306451304148e+02 3.679366993714247087e+02 4.666226301098736826e+02 4.962774007422038949e+02 4.230944047056320869e+02 5.179801839972479911e+02 5.154882321682747488e+02 5.549070542609795211e+02 5.022028450017589307e+02 4.287029616163922583e+02 3.292867719752243261e+02 4.044500547411713001e+02 4.465431560038356906e+02 4.458176392082850157e+02 3.468871945511743320e+02 3.649239018885934911e+02 4.359700356230613920e+02 5.348559894960692418e+02 5.225424771783391407e+02 4.232833276975664489e+02 4.632577242971436817e+02 3.977022835012261339e+02 4.967996735803034198e+02 5.224041044483473115e+02 4.485755486612532650e+02 3.490877117663596323e+02 4.474276688398238093e+02 4.454402060344375514e+02 5.150959029599646328e+02 4.955776029229645019e+02 4.023080067977585372e+02 3.996458079964360195e+02 3.192263616187103707e+02 3.640185214951387138e+02 4.224403176301522649e+02 5.219065183353268367e+02 5.633311603621186805e+02
4.709062543545787776e+02 4.671943333068181801e+02 4.225088760553600764e+02 5.209066163170887194e+02 4.815732457795724599e+02 5.637321592549382103e+02 5.739285286860246060e+02 5.333299241446824226e+02 4.604154100098550089e+02 3.609660435288533336e+02 4.278173500557738294e+02 3.677165599913555525e+02 4.669192261386217524e+02 4.731330517244846874e+02 3.740561665074469602e+02 4.630052463003148659e+02 4.195160134964192480e+02 5.188529400815002646e+02 5.629868685486986806e+02 4.816776484070122137e+02 5.375024303057384714e+02 4.686844007390171214e+02 4.375837812741297057e+02 5.364139932356579266e+02 4.898908494160060627e+02 3.941781022636400280e+02 3.999329034598409862e+02 4.990518610286525814e+02 5.843832004167175000e+02 5.426633822059069416e+02 4.599405206412337748e+02 3.607965894470792136e+02 4.176851898572450068e+02 3.405851625495039912e+02 4.392029285862031998e+02 4.812010552283846323e+02 4.636889915779206035e+02
4.313872985438918022e+02 5.299827885967724797e+02 4.935795377386173186e+02 5.053013080488204309e+02 5.809143519212011597e+02 6.207366954597027870e+02 5.343293219069583984e+02 4.343544854193696665e+02 3.957668523319674136e+02 4.603229763004979986e+02 4.955571312983571488e+02 3.970425378488946535e+02 4.962411003467269666e+02 5.051601883417194472e+02 4.061035217261317598e+02 4.742523673017594774e+02 5.187700036505409571e+02 4.916563687625549619e+02 5.905226492398668370e+02 5.530577514774475958e+02 6.084712103924658777e+02 5.666657406511527597e+02 4.682802875897456829e+02 5.671784963532340953e+02 5.351131440336891956e+02 4.525807184766006230e+02 4.706300406302032115e+02 4.719227559163873025e+02 5.712109905075349161e+02 5.431855858701820807e+02 4.435148126467217935e+02 3.989746755900929429e+02 4.804031383228416985e+02 4.397404576816837221e+02 3.627175068338802930e+02 3.822724586451296318e+02 4.053622822080880042e+02
4.898739338677178807e+02 5.721773604841472434e+02 5.930167058128301960e+02 6.052383460708587108e+02 6.454879243519220609e+02 6.170005049971859989e+02 5.174727570932509479e+02 5.282364679290704998e+02 4.296779243923627405e+02 5.285486109043116585e+02 5.300800969164005210e+02 4.309560376120879823e+02 5.301889256194358495e+02 5.411371586477227993e+02 4.421052239690463921e+02 5.415655550510213061e+02 6.134457247030081817e+02 5.910985680370059754e+02 6.317258315241454056e+02 6.517120638176013472e+02 6.394410007800033782e+02 5.401815647075467268e+02 5.266102045034616594e+02 6.086508429219911704e+02 5.932307076311655010e+02 5.523656146173055959e+02 5.700305813463658069e+02 5.715541000971804806e+02 6.113903693958649228e+02 5.841702862112948651e+02 5.392890372830403294e+02 4.499205037934566462e+02 5.386367445335166622e+02 4.891899836435756583e+02 3.898522204067501775e+02 4.806232573348153210e+02 4.461817509015623386e+02
5.895721186636301354e+02 6.300480020284506963e+02 6.377814813717892548e+02 6.781507183790837416e+02 6.795870533695032236e+02 6.388801522749033666e+02 6.163926392211378698e+02 5.705857568995255633e+02 4.805999457690502368e+02 5.700875504583827933e+02 5.713342412749559571e+02 4.818741057480758627e+02 5.714773718329296344e+02 5.825443763983164445e+02 5.007810493049645402e+02 5.828488191811361503e+02 6.134337221300197598e+02 5.732749520495641491e+02 5.868308392463850396e+02 6.283764377766932512e+02 6.793235392323326778e+02 6.390169306628075674e+02 6.256958849385862322e+02 6.656011747444435969e+02 6.158126468280637482e+02 5.748004048060336117e+02 6.148055306253465915e+02 5.997153999138035942e+02 5.597187044878498909e+02 5.830944759521981950e+02 5.900204794845953984e+02 5.499603606064956693e+02 5.897760414146659969e+02 5.189506369369870526e+02 4.192053313068636271e+02 5.178828531189361684e+02 5.045456146111753810e+02
6.335455599295785305e+02 6.199753733145008709e+02 5.387973333470897614e+02 6.205481688669619871e+02 6.211072798035480673e+02 5.398253142589860545e+02 6.210075155652086778e+02 6.205998365303462379e+02 5.808067421623807149e+02 6.209299829171144438e+02 6.217052739116720659e+02 5.816345131567418321e+02 6.219254563577959516e+02 6.405742823876951206e+02 6.004256184199321069e+02 6.253254635143090354e+02 5.562528616925978895e+02 4.735667975721616472e+02 4.871418127439778232e+02 5.868290658030094846e+02 6.232780031983157869e+02 5.824568851604102520e+02 5.692967060458161086e+02 6.096139858993792586e+02 5.652249329551852952e+02 4.752364611725540158e+02 5.644487435673737536e+02 5.420771724013407038e+02 4.596513709505127849e+02 4.841323042831223802e+02 5.827324691112148685e+02 5.856408330189447042e+02 6.257211407548379611e+02 5.572246976061737769e+02 4.575436550129391549e+02 5.199459039106477576e+02 6.037833025247631440e+02
