species_evolution/model_grid_steady_state_elevation_low_relief.txt
ncols 300
nrows 100
xllcorner 0.0
yllcorner 0.0
cellsize 50.0
[rows 0 to 16 of 100, columns 185 to 221 of 300]
2.740857570010100108e-01 7.472055027148718498e-01 1.033473539311868805e-02 9.351725928887877348e-02 6.292653977617176375e-01 7.991834976423047854e-01 8.155911431245527199e-01 9.403271204382324111e-02 6.157806586148981687e-01 9.605162459427244448e-01 2.205938332504916444e-01 5.908697761589609687e-01 3.675070375600331118e-01 9.659422470336607169e-01 1.440455916949674453e-01 3.068571749710272689e-01 6.014286267737911640e-01 5.654691433957096391e-01 6.285034360633878769e-03 9.054371535031324747e-01 7.593876752244168582e-01 7.288020178964562668e-01 2.177928552045994559e-01 5.550101761530119582e-01 6.056779320430470959e-01 6.005086405354655987e-01 9.771017571543527680e-01 4.188034456831948305e-01 1.731546245135331397e-01 4.049536415471283179e-01 7.904409255402735646e-01 5.510233743458958777e-02 8.923083161056492019e-01 2.623356902005971047e-01 7.085095442914340902e-01 2.979369043591111321e-01 6.708433588994083818e-01
9.954339157641878444e+01 3.653973945843030435e+01 9.906728349348856000e+01 7.130819248830506751e+01 9.886512263896605646e+01 5.155943966300695180e+00 9.894305483412023250e+01 5.844817413001091211e+01 1.002473572388644953e+02 1.000674925947130021e+02 3.076510122296967964e+01 9.947130756954344122e+01 7.158189874968179822e+01 9.918212293982529104e+01 4.406104190022785971e+00 9.854174916384069149e+01 7.180721728283481298e+01 9.924861855863289861e+01 3.385608290156666556e+01 9.934469360148914063e+01 7.197216621577425144e+01 9.941033199414547994e+01 2.291476598923008012e+01 9.913104528632288748e+01 5.881409162503096866e+01 9.978028275007821435e+01 9.901564402087949190e+01 1.800016236500419353e+01 9.860942458749281059e+01 7.161109501253953624e+01 9.899351980982793009e+01 3.616217125694128232e+00 9.931441442532822350e+01 9.941462679984721262e+01 4.590972726690430505e+01 9.950590636955932666e+01 7.188382945741538776e+01
1.751535079699014261e+02 8.200539778619477715e+01 1.763570173140475958e+02 1.700998758961331703e+02 1.087657614067650513e+02 9.449631036222980285e+00 1.088898009563303191e+02 1.575213992660469557e+02 1.980133451386574563e+02 1.621594427777293106e+02 6.295234592749068980e+01 1.619236643125562409e+02 1.701321106175664681e+02 1.078308595445230651e+02 8.602987126526324246e+00 1.079313177406817061e+02 1.702298070566645833e+02 1.343766668754328180e+02 1.048540136199417958e+02 1.052924680788662073e+02 1.709555665149965193e+02 1.453730368961445265e+02 4.624257299334539795e+01 1.450375315956029851e+02 1.298266683310633312e+02 1.430912768891303983e+02 4.432838374389692859e+01 1.168616581187836374e+02 1.189739360533538246e+02 1.698661072785528177e+02 1.064604319998115329e+02 7.171375739733170995e+00 1.057653756035267207e+02 1.513153652741872008e+02 1.044430653050468862e+02 1.858253013397039410e+02 1.709728316153442904e+02
1.548931396563115470e+02 1.403475498117457505e+02 2.220877388465672482e+02 1.842337896636520043e+02 8.479198739728073519e+01 1.379807675893528796e+01 1.124561372028327213e+02 1.603799092037662319e+02 2.179757559388228003e+02 2.033795397379895178e+02 1.084471185640512516e+02 2.028554532595325384e+02 1.707722057522571504e+02 7.105970368475864518e+01 1.275622961590193150e+01 8.392330205238744156e+01 1.832037187562899021e+02 2.328730426195014616e+02 2.044761574126391679e+02 1.766954836099135093e+02 2.442616559192962598e+02 1.709980140101778261e+02 7.165627962972017428e+01 1.712638724360277251e+02 2.282009124049458819e+02 1.631386620627309014e+02 6.351096986674402700e+01 1.626096162535017129e+02 2.176075531958855152e+02 1.789476598159465937e+02 7.929236155756581184e+01 1.053064142883370664e+02 1.216339488084280696e+01 1.120882122086514840e+02 2.029898149352678161e+02 2.440785590376888194e+02 1.794888117145246724e+02
1.728706282531606178e+02 2.391039769632269554e+02 2.800470150353190206e+02 1.965922438190578134e+02 9.655950106132307553e+01 1.116144698445927190e+02 1.994093180849434432e+01 7.815222625585580829e+01 1.777068210242684074e+02 2.473356123727575664e+02 1.800573908010938453e+02 2.480642003421491211e+02 2.106172681801814974e+02 1.162452221447148446e+02 1.707738357837107301e+01 1.154973691092701245e+02 1.641281303191337884e+02 2.339820338723406223e+02 2.612895628526713381e+02 2.754029606125216674e+02 2.538109447644081627e+02 1.542667744408602175e+02 1.036486938223677754e+02 2.032384631780361701e+02 2.579218555171137268e+02 1.829213757977090324e+02 8.392847801901348248e+01 1.548279199454725301e+02 2.534950894037070555e+02 2.199795879809656753e+02 1.780717404328685234e+02 1.151827533645729460e+02 1.561924144201607589e+01 8.677819159645834191e+01 1.866457791337066112e+02 2.613194608203851885e+02 1.632332985638131504e+02
1.505172741551148476e+02 2.218683849985256131e+02 3.201360435379198179e+02 2.377510611947209611e+02 1.684353848602546577e+02 6.949021362580961636e+01 2.419262216440951363e+01 6.905810027343791546e+01 1.198555883435290497e+02 2.196792288567409628e+02 2.787806622923574764e+02 2.522319310020122032e+02 1.526856643362805528e+02 8.136108203637103031e+01 1.145846301751976597e+02 2.319835691575691783e+01 9.383216327157566639e+01 1.694341163074287806e+02 1.627938889948603958e+02 2.619632603230179484e+02 2.941569440837865841e+02 2.388314340730964034e+02 1.396561019085516193e+02 2.386164501851515638e+02 2.187124478773118028e+02 1.189311728115977900e+02 1.828460872834410225e+02 1.668758779212010097e+02 2.652740085436843174e+02 2.152760324135629730e+02 1.647752932384122744e+02 1.178507089813239190e+02 1.921349806105876112e+01 1.179291659178461060e+02 1.836535859136734530e+02 2.347731046706435336e+02 2.620876446785288749e+02
2.118994295588188095e+02 2.895123287087283757e+02 3.402114766580497758e+02 2.521233628430823330e+02 1.520690435884017688e+02 1.272383732555557145e+02 2.861057206839232947e+01 9.943220291702957070e+01 1.979728241741441934e+02 2.205665851489109457e+02 3.191180813718390255e+02 2.808406126454123637e+02 1.816955369082788252e+02 1.529065147101699154e+02 5.473012115506961806e+01 1.213006365223213692e+02 2.939672589477405040e+01 7.967456638436473781e+01 1.751964948757426441e+02 2.270726071701202216e+02 2.964979661835120055e+02 2.797971748875892786e+02 1.983264720692963010e+02 2.798265681954512729e+02 2.454711474692754223e+02 1.460685708316838145e+02 2.450650327856095032e+02 2.656446233859784343e+02 2.445775651908612645e+02 1.457119969540854640e+02 7.466122739877933157e+01 2.430831238074211242e+01 1.169543971789972971e+02 4.350496094673526670e+01 9.419825048198933359e+01 1.658157094330879033e+02 2.650725249036765376e+02
1.503198204421549065e+02 2.012014626169835765e+02 3.008645582085122783e+02 2.916237136090442732e+02 2.030270008842140612e+02 1.039598531748271881e+02 3.308333241578973372e+01 1.315119912239522364e+02 1.800845408862105046e+02 2.386638700771263188e+02 3.284242828289895328e+02 2.709700842441351369e+02 1.900473979641135713e+02 9.088458835398913038e+01 1.125938086556029418e+02 1.694484275642522277e+02 1.278744784403728119e+02 3.555878496343002837e+01 8.589706365159965173e+01 1.567572213794049389e+02 2.426405709383636520e+02 2.838918763349891492e+02 2.976689979003016902e+02 3.377587696972699973e+02 2.758778332474209378e+02 1.768911806269067313e+02 2.759805960239905858e+02 2.692611085131359800e+02 1.698112210516916605e+02 1.111424423072175500e+02 6.588671596979997958e+01 2.786810580133152371e+01 1.264015178769715106e+02 6.244464274857218555e+01 1.609494746705603916e+02 2.303355340985729356e+02 2.896988499885072770e+02
1.842910912718151053e+02 2.830284333538936039e+02 3.406891008907944638e+02 2.562222927513033710e+02 1.557897819216143773e+02 9.727368874915114816e+01 1.311880393498554440e+02 3.940102988294570707e+01 9.761714971020121823e+01 1.975221478924220548e+02 2.878313970029121833e+02 1.893925044784110696e+02 1.307498797763871039e+02 1.900201123138791388e+02 1.836476423407689538e+02 2.095115755783693601e+02 1.108734176022975646e+02 3.990592138201856187e+01 7.027098186040767303e+01 1.023347833230038475e+02 1.438807203384443483e+02 2.025543333655810443e+02 3.022103182555872536e+02 3.349360825083799114e+02 2.357850561069832906e+02 2.767606222030090635e+02 3.172021826503667512e+02 3.095392014482252421e+02 2.512940385390408835e+02 2.054791009755054461e+02 1.307281026914821496e+02 3.153254798047450436e+01 1.305310126696103907e+02 1.609405041978921815e+02 9.086278368056419197e+01 1.489625485304173935e+02 2.481608190397291764e+02
2.555577414381459391e+02 2.672382040363602869e+02 3.651625760201874868e+02 2.962339552016598532e+02 2.373345495670570529e+02 1.901488302808282356e+02 1.424683753552218946e+02 4.383272650190919251e+01 8.893877274714294856e+01 1.601802438846730183e+02 2.598271767476180116e+02 2.654735864488607149e+02 1.667321958145031147e+02 2.656610184997767874e+02 2.820533807884052635e+02 2.145182158233560585e+02 1.151400791959520546e+02 4.439975160164437540e+01 1.434035407298721054e+02 2.011356150208573297e+02 2.421844679133839406e+02 2.840021405332776681e+02 3.424669328261697387e+02 3.750274252836869096e+02 3.073722156036315027e+02 3.744494334365104464e+02 3.208964937071807526e+02 2.626899842720916354e+02 2.169177864658917088e+02 1.755722989410694481e+02 1.338239096399858568e+02 3.521643537495371135e+01 9.365410481274533083e+01 1.928112092648877933e+02 1.898853970379823295e+02 1.228385616888348864e+02 1.612185407011311895e+02
3.544340121897243421e+02 3.654357160225040957e+02 3.193048503415449204e+02 2.486400598945814977e+02 1.977281873694898024e+02 1.494363523447872808e+02 5.042303066012089374e+01 6.913349166468701412e+01 1.672847966115364500e+02 1.894511850180684576e+02 2.882361645698945267e+02 3.069524762024732354e+02 2.254057314935737679e+02 3.069512910712006715e+02 2.776700794105149157e+02 1.781214227156551146e+02 1.069512426465931298e+02 4.888407405545845563e+01 1.474661574470126482e+02 1.817696244552425071e+02 2.112783986738145359e+02 2.452771111170045231e+02 2.868551536935548256e+02 3.381958266924392547e+02 4.051725150968689491e+02 3.663838439784087768e+02 2.798360619220625267e+02 1.801203800357313014e+02 1.216153635084250197e+02 7.622941710871062071e+01 4.039850298928912764e+01 1.339245739871823275e+02 1.759228009559381576e+02 2.341190445470574844e+02 2.511146151752330695e+02 1.523673922887551555e+02 2.507361547347343844e+02
3.729288155153462299e+02 3.160798827827310902e+02 2.701096503004890792e+02 1.782251622370538087e+02 1.072924107729299976e+02 5.700486724430402319e+01 1.481605734803398491e+02 1.675547072365598353e+02 1.094070805730677591e+02 2.082395784024284069e+02 2.554520376134462651e+02 3.537340015741705770e+02 3.252528748770511697e+02 3.640408934632952764e+02 2.936534658549717847e+02 1.943530500419376494e+02 1.653292812841317811e+02 6.706844234808133365e+01 5.542940923265871334e+01 8.255225278643537479e+01 1.118975470764933249e+02 1.458106578358243723e+02 1.967322416111027792e+02 2.969693646793826929e+02 3.549490067354498137e+02 3.045326957306380677e+02 2.261783503887016877e+02 2.242013092421078682e+02 1.976490311296181233e+02 1.425272106512162509e+02 4.413645300474963307e+01 1.427247771062468473e+02 1.895962333690369235e+02 2.404254976652456151e+02 2.918954617900433277e+02 2.521588084922911719e+02 2.068735497838282811e+02
3.332116439212325645e+02 2.333430379322276167e+02 1.749694962062505397e+02 1.297938897211833478e+02 9.184985576993406653e+01 1.548545161055508856e+02 6.369664111856755540e+01 1.631976780501741473e+02 2.079408068522860162e+02 1.551031020298054557e+02 2.260599579488898883e+02 3.256406067953765273e+02 3.492431594081624553e+02 2.997228944969909890e+02 2.577903254533168820e+02 1.930376204962886675e+02 9.403067568632150142e+01 1.572768832819944294e+02 6.026107899651992739e+01 1.585393992913802208e+02 2.102565423905209059e+02 2.445678354982841824e+02 2.860208350377662896e+02 3.370972279215379217e+02 3.147108679404608438e+02 2.147723932845429431e+02 1.638149071019564929e+02 1.256924350343918917e+02 9.941874610320928696e+01 7.489903569564438612e+01 1.419383557347212843e+02 4.943633195105475409e+01 9.993239996785403889e+01 1.714897670267947660e+02 2.715612797526493409e+02 3.454959700874676969e+02 2.655285629659366577e+02
3.454985423599626984e+02 2.458462978664969683e+02 1.875889832744825867e+02 1.425573199333120726e+02 1.907667675055299981e+02 1.673749443736633111e+02 6.839008793477803749e+01 1.675648762999088035e+02 2.448745412585890051e+02 2.542266712447815564e+02 2.270665126937628031e+02 3.263409977693842734e+02 3.094040957849845199e+02 2.095195396583977185e+02 1.585960395569176740e+02 1.226577345818569285e+02 1.653564349117327481e+02 6.721037419826066639e+01 1.580962367263895771e+02 9.042096745943652536e+01 1.405816829909689147e+02 1.987169396732745668e+02 2.698320503290271972e+02 3.683688856848902446e+02 3.555765067401071065e+02 3.041514363832675372e+02 2.084172621103332688e+02 2.246818464366643866e+02 1.573173562865162296e+02 1.740770653738207159e+02 1.521597395519715974e+02 5.316460881155024509e+01 1.237015544245370933e+02 2.224517405618153703e+02 2.928021645081267934e+02 3.626475068096722794e+02 3.644685100109534801e+02
3.858849818591796179e+02 3.285704513557345194e+02 2.831190728451454675e+02 2.421947365503268088e+02 2.428587422991878952e+02 1.442319428810048407e+02 7.305832103136407341e+01 1.052299700533580591e+02 2.050522384068102326e+02 2.989149990209917860e+02 3.263002776752854857e+02 3.677705388411510512e+02 3.496077186176747773e+02 2.982749705084116840e+02 2.463552873197191388e+02 1.480542191491479684e+02 1.709632418567943546e+02 7.206912244641296184e+01 1.712338057535672249e+02 1.890811930085769461e+02 1.254775421095540509e+02 2.244290396922287698e+02 2.983372265982688418e+02 3.404590778099487238e+02 3.900872504099386902e+02 3.495919684922290571e+02 3.079027051508275576e+02 2.973075004024194641e+02 2.566742815418705277e+02 2.265855932514293727e+02 1.280593656010310326e+02 5.689427506449322891e+01 1.019055791311345587e+02 1.525070852126925729e+02 2.233618157574303211e+02 2.667513944457058983e+02 3.078201878282918074e+02
3.938606851510740512e+02 3.651459509558680452e+02 3.069808702737341832e+02 2.656615312027331015e+02 2.349099481519856454e+02 1.766419550662763243e+02 7.790584110772705628e+01 1.763102901464372962e+02 1.596864582801609629e+02 2.310658369540387582e+02 3.310782182471423312e+02 4.151725428096583528e+02 3.170794345269965220e+02 2.459987364542213015e+02 1.879957399513028236e+02 2.460955882067239315e+02 1.764109668480318192e+02 7.705298426477003204e+01 1.757002431976273158e+02 2.236425050498376095e+02 2.242726452198770914e+02 1.639002909748630259e+02 1.997456523647811082e+02 2.506817251249192680e+02 3.506693991804646657e+02 3.807182508655695301e+02 3.230660436898713783e+02 2.821599134038523289e+02 2.749045823975284861e+02 1.763178253382786522e+02 1.590237718265475735e+02 6.078847721471310450e+01 1.589861398442505447e+02 2.064070935588406996e+02 2.146129407887798379e+02 1.669006992102609956e+02 2.121784717958530848e+02
3.537979637039169916e+02 3.248283682453327970e+02 2.250257396551823206e+02 1.666931104739128955e+02 1.359868368576421460e+02 1.088074368746321454e+02 8.267636388747297360e+01 1.824037628001444773e+02 2.578247581064077849e+02 2.601581754103941648e+02 3.591026906874834594e+02 4.211565050831691224e+02 3.231672553689052165e+02 2.519764245277195016e+02 2.380481572525560807e+02 2.484766004987363885e+02 1.491736085239134582e+02 1.752335920419946262e+02 8.408402378667419441e+01 1.554668023088642883e+02 2.541047753205115498e+02 2.221260661773488891e+02 2.643773454616268168e+02 3.404863627788879512e+02 3.905226759121318310e+02 3.410966331011367174e+02 2.412277286427278682e+02 1.826812574555871436e+02 2.226140913151984648e+02 1.741140796220602169e+02 7.537331971019239063e+01 1.587751106490008794e+02 6.671620886262749650e+01 1.648948986497339604e+02 1.159346791266936521e+02 2.143877155931750735e+02 2.672556056151015014e+02
