species_evolution/model_grid_steady_state_elevation.txt
ncols 20
nrows 100
xllcorner 0.0
yllcorner 0.0
cellsize 200.0
[rows 32 to 63 of 100, columns 0 to 19 of 20]
4.702087755942623293e-01 2.444857489107109316e+00 3.144833094378038485e+00 3.131034031523794336e+00 2.431049032516863662e+00 3.131028013760755790e+00 3.668432015497769871e+00 3.967846390374373033e+00 3.743546195348987915e+00 3.043550331966048184e+00 3.248551772192138198e+00 3.268068870189066555e+00 3.248900954803403351e+00 2.844753624900412614e+00 2.180679105891521807e+00 1.480687867393487123e+00 2.120617655425058423e+00 1.695225951787067142e+00 2.395220761770267437e+00 5.582860721267315363e-01
5.872033369516003187e-01 2.577145054660338275e+00 3.277129898309710132e+00 3.420982104118990286e+00 2.926023779347444176e+00 2.678536405932153919e+00 3.173511152762734433e+00 3.873504452638962370e+00 4.033461685391140250e+00 3.743518619517079316e+00 3.268092208914509023e+00 2.568100009336096612e+00 2.673433577409275230e+00 2.383499902501268419e+00 2.223818117847508713e+00 1.523851716511961829e+00 2.223829153135765235e+00 1.916585387998854362e+00 2.616566857325121287e+00 7.395747750686202382e-01
4.128664045055817633e-01 2.714426349257066384e+00 3.414421044387263571e+00 3.915928434009778858e+00 3.580588945660856837e+00 2.880609000148521837e+00 3.375583746979102351e+00 4.075552527237991995e+00 3.765757734825410985e+00 3.475797619223849555e+00 3.228543191378627331e+00 2.696531658796480269e+00 1.996552402686687655e+00 1.683502885836716478e+00 1.585483279954755576e+00 2.223820285421560961e+00 2.513777959632504722e+00 2.164072761414146395e+00 2.864054679379695489e+00 6.353058713663687351e-01
1.527482953944678812e-01 2.857313250919417680e+00 3.557290677518970323e+00 4.063244435317753478e+00 3.870543835774277852e+00 3.230609000148519705e+00 3.452156606797926131e+00 4.152107098016942999e+00 3.475808332186213434e+00 2.775808332186212368e+00 2.938580117114089507e+00 2.238613956754269552e+00 1.834468768321530607e+00 2.334205060174372903e+00 1.634254590955168895e+00 2.129229337785752740e+00 2.829193087542273943e+00 2.477122278264117128e+00 3.153997506596968758e+00 3.950355187749141628e-01
7.136942404490823622e-01 3.557291170587338236e+00 3.073337940866345264e+00 3.773337859970972374e+00 4.220517635266924472e+00 3.725583746979100219e+00 4.152112153342688572e+00 3.804606407621892394e+00 3.454583979106885305e+00 2.980807533250915409e+00 2.280833585355628301e+00 1.995059782030924156e+00 2.534442923790869440e+00 2.383491333686087010e+00 1.683506419086289396e+00 2.178481165916872797e+00 2.878462007130441425e+00 2.881267466696852964e+00 3.467053044516721805e+00 5.977722407627317214e-02
3.852963155708464260e-01 3.938304940801529153e+00 3.238329523143205435e+00 3.733304269973785949e+00 4.433278922951410017e+00 4.425543827195800972e+00 4.009627463043533346e+00 3.309637338189824973e+00 2.814662591359240906e+00 2.464662591359240373e+00 2.178888788034536006e+00 2.695047338413406823e+00 2.984955148153438209e+00 2.433249188167690757e+00 1.733253252902598573e+00 2.228227999733181974e+00 2.928226720420635143e+00 3.581231899716266209e+00 3.871184239867148769e+00 8.015316362308056997e-01
8.070197341211033937e-01 4.125393802119899256e+00 3.425412392481901325e+00 4.125396596931868665e+00 4.432040581297913562e+00 4.082067415399923682e+00 3.792115160568689802e+00 3.558761246004147338e+00 3.100221288426601163e+00 2.400248224246322781e+00 2.878878408186805959e+00 3.168788088429626004e+00 2.847238935728474196e+00 2.483482476297893982e+00 1.783510324005840308e+00 2.278484864060961179e+00 2.978457520790201318e+00 3.350913999458323023e+00 3.700912576425078981e+00 9.686562060726549017e-01
7.478588934525149945e-01 4.336452085947492208e+00 3.636470333686334655e+00 4.336446742458272219e+00 4.142126872199389354e+00 3.442126872199382959e+00 3.092126872199382870e+00 2.858793538866049477e+00 2.647735597661614815e+00 3.100235917631872340e+00 3.390135900893817666e+00 2.928075334090817883e+00 2.557278697183832605e+00 1.857296802743102715e+00 2.483451801640820022e+00 2.113493488559562650e+00 2.360980861974854683e+00 2.710980861974855216e+00 3.410977558517643171e+00 1.967812090109172241e-01
1.721868309579982492e-01 4.583939625251336025e+00 3.883957707101624912e+00 4.583935447369831273e+00 4.432054739891228223e+00 4.082053537170352797e+00 3.792111312734235185e+00 3.219283204311023106e+00 3.347724629254346329e+00 3.515307392325731417e+00 3.020388124231498050e+00 2.638108366616601863e+00 1.938125840429650415e+00 2.557234483066419983e+00 2.051441871421932905e+00 2.751400020095102317e+00 3.060950102726758715e+00 3.350901063763704002e+00 3.700912037285677858e+00 4.261730693777471268e-01
1.224157444480622470e-02 4.873889347405753192e+00 4.288102895534361636e+00 4.873837742110902482e+00 4.348825829638578888e+00 4.058873080988672832e+00 4.209183827588636184e+00 3.919257573059330202e+00 3.609719329274603705e+00 3.114769432834345153e+00 2.525413853535644293e+00 2.030439106705060670e+00 2.638083926053421457e+00 2.115926018229917105e+00 2.751396863108118485e+00 2.257860610038789240e+00 2.662005798471525075e+00 3.156980545302105590e+00 3.856952307735574070e+00 2.257892897179226699e-01
8.248855080589575506e-01 5.278003611569135778e+00 4.988058539686795356e+00 4.439658638089072795e+00 3.944677015348516669e+00 3.358879586030050213e+00 3.775522734385149182e+00 3.706800876789380528e+00 3.211841765118606862e+00 2.619801834280498731e+00 2.124827087449914664e+00 2.730419637902537389e+00 2.943698134473733852e+00 2.243727948314456100e+00 2.943707504028139965e+00 2.957842528520500558e+00 2.491193943372122632e+00 2.986168690202703146e+00 3.686148385134460526e+00 3.295997703015354219e-01
4.229050034636032684e-01 4.683540288494488557e+00 4.333542010263188970e+00 4.043575801910171741e+00 3.449709144427895779e+00 2.954734397597311713e+00 3.075543405750500447e+00 3.313388121637379946e+00 2.716874368619913938e+00 2.221899621789329871e+00 2.824796264540986535e+00 3.114761115320988871e+00 3.078424985438396710e+00 2.378443011125368933e+00 3.078435058764160903e+00 3.481100159360646540e+00 2.986168690202703146e+00 2.776967746696827000e+00 3.476960336692119125e+00 9.409628114095114348e-01
4.790081748370825787e-01 4.393589213214578848e+00 3.693592516602013376e+00 3.343592516602012843e+00 3.669381835346615883e+00 3.280536783644858012e+00 2.580568658919916825e+00 3.023426463624015348e+00 2.323466296804731712e+00 2.921869045833333622e+00 2.716874368619913938e+00 3.416849408376590791e+00 3.221320084016070506e+00 2.521329912787721117e+00 3.221309069555171156e+00 3.758722203850811905e+00 3.686139661908892862e+00 2.998327182908613775e+00 3.698308652179387312e+00 3.442222365344674850e-01
6.927163932720212802e-01 4.683510351372829561e+00 4.164377882005838138e+00 3.464401524755202466e+00 2.969426777924618399e+00 2.758368836720183737e+00 3.127779653567313911e+00 2.427816135754722104e+00 3.023426367166371254e+00 3.313392533293357811e+00 3.416867300820691788e+00 3.706802611894843835e+00 3.511264856574626503e+00 2.871329912787721206e+00 2.768817286203013150e+00 3.468807734709789425e+00 3.945769793045224905e+00 3.245814556323905808e+00 3.945796474361299655e+00 1.615618432908324520e-01
9.923939561592618475e-01 4.656253163339509449e+00 3.956277301159981441e+00 3.691671973937595830e+00 2.991702170053517129e+00 3.458350027490856071e+00 3.417752377315420365e+00 3.127783645039109217e+00 2.577056637203649636e+00 3.277034850286283163e+00 3.673385676015668011e+00 3.920869865425120171e+00 3.861251935259523371e+00 3.366304659618305273e+00 3.468798491842825626e+00 3.054591089527717518e+00 3.754572732535010893e+00 3.595814556323905897e+00 4.235742098949819123e+00 6.841146257120221952e-01
7.971654113548012344e-01 4.451235938558150806e+00 3.751252047990560001e+00 3.256277301159976378e+00 3.691694167660359849e+00 3.981607819385736491e+00 3.607017513298905964e+00 2.907039801757371755e+00 3.277021789948775243e+00 2.752056637203649903e+00 2.973416073415436678e+00 3.220903446830728711e+00 3.920880918670714532e+00 4.066289257902009346e+00 4.002054289211212534e+00 3.302078462943009551e+00 3.754591089527718140e+00 4.090789303154488188e+00 4.585750800213220124e+00 6.532545939349806430e-01
7.324987253985736357e-01 4.360405738259195196e+00 3.660422489592715323e+00 3.751252047990560001e+00 4.246190909679615544e+00 4.011167858897819904e+00 3.311184990190110256e+00 3.607020902073773350e+00 3.604770319919183397e+00 2.904809160368844623e+00 3.604772281957007163e+00 3.920865827653818858e+00 3.715878193661312778e+00 4.415853899399987625e+00 4.292010692845381392e+00 3.652078462943009640e+00 4.292013766298711452e+00 4.744515445830268519e+00 5.080709594855846944e+00 8.213971573925633596e-01
9.508560319370317204e-01 4.360422489592721718e+00 4.155397236423303831e+00 4.451238539207373002e+00 4.582699151759983103e+00 3.882732596839518990e+00 4.011170686825037635e+00 3.917827810235510189e+00 3.217858677218815799e+00 3.604786892215052774e+00 3.278974899046239067e+00 3.773949645876823134e+00 4.415858836071686611e+00 4.705815240422497325e+00 4.642009508838675025e+00 4.352078462943016035e+00 4.642015193603137746e+00 4.850513743263531907e+00 5.140454625589066850e+00 3.119884329636858356e-01
5.749873256771714791e-01 5.060389153910720417e+00 4.855371988760851742e+00 4.824376522283081670e+00 4.534457630644633142e+00 4.582702881477660917e+00 4.412815774165070870e+00 3.712833424049399866e+00 3.622003865651554300e+00 4.207758609640999126e+00 3.683120087478977567e+00 4.268917516043885918e+00 4.763885211209260007e+00 5.020732235635213314e+00 4.730812616912086099e+00 4.730796823879098945e+00 4.736301045015930633e+00 4.150533668083216554e+00 4.736320120670193035e+00 9.006529064214904290e-01
7.301368833716485041e-01 4.753172479537789208e+00 4.463231633325302816e+00 4.420248198651849592e+00 3.834466254108831684e+00 4.420254251204492668e+00 4.702741831623003854e+00 4.412820289167948218e+00 4.321990251007433059e+00 4.611904231705065804e+00 4.383119057099695404e+00 4.673058942289645579e+00 4.982091498460577306e+00 4.730823239898941601e+00 4.030826336215799444e+00 4.030826336215799444e+00 4.446350362798859202e+00 3.746388479650473613e+00 4.446370398028145488e+00 3.228974831991848760e-02
8.016060870898678026e-01 4.463222031577838145e+00 3.763233307984926057e+00 3.968231312159297808e+00 3.430321065676093184e+00 4.130301785640733137e+00 4.479738246647967159e+00 4.436082738183522167e+00 4.146154802993972766e+00 4.236984840777562766e+00 4.526919872939185296e+00 4.777063785843887800e+00 4.282132156642001419e+00 4.777039658653632337e+00 4.235845353966166016e+00 3.535851589385210936e+00 3.885827489468479445e+00 3.498901106235181580e+00 4.198891976795395387e+00 4.385544006219237456e-01
8.634891518411458300e-02 4.463209356475930534e+00 3.763233307984926057e+00 3.268258561154341990e+00 3.165745934569633935e+00 3.489806167803750192e+00 4.189787424949141581e+00 4.031951173907630803e+00 3.446158746516861271e+00 3.536988304914705949e+00 4.236982843833548174e+00 4.487141750920576655e+00 3.787157409811412911e+00 4.083011893721236518e+00 4.372916137094732925e+00 3.885832006383196813e+00 3.185851589385210403e+00 3.885818325555201902e+00 4.319423020741850472e+00 5.065849518544028873e-01
4.424655321574236799e-01 4.292213250996268492e+00 4.002250827296740532e+00 3.618223701287651917e+00 2.918258561154341901e+00 3.618233740039741075e+00 4.076097709700443161e+00 3.742005665045784912e+00 3.042013558084122327e+00 3.741986544836074291e+00 4.198295235628351385e+00 4.577947670719886730e+00 3.877985194459947049e+00 3.383012221378673967e+00 4.082978834360365461e+00 3.736602913369101664e+00 3.036611087936282871e+00 3.329513240550497244e+00 3.824477010891132789e+00 2.641807928620685253e-01
1.199308254734827717e-01 4.002275933256912666e+00 3.302279236445410326e+00 3.016505433120706403e+00 2.769018059705414370e+00 3.086192628735731525e+00 3.581148337793357950e+00 3.530938213120632163e+00 2.830955616879687664e+00 3.208358154850265542e+00 3.908357629322624316e+00 4.375886045044766526e+00 3.675914373992888784e+00 3.180939627162304717e+00 3.625317389070974450e+00 3.643729629782731738e+00 3.353764995097696211e+00 2.834538493719913621e+00 3.534535189749099082e+00 2.864332116561633113e-01
6.486174318373537639e-01 4.292218574672436837e+00 4.002265531340697180e+00 3.716487662155285587e+00 3.291203940902614367e+00 2.591217881905147458e+00 3.128455342030571185e+00 3.336780928096490406e+00 2.636810548200857252e+00 3.131785295031440874e+00 3.831777030348151758e+00 4.311185273817173425e+00 4.021241770492657963e+00 3.625312461757956850e+00 2.925335766993227171e+00 3.353758015982631679e+00 2.653799270896900708e+00 3.353771794502207193e+00 3.824442867851899130e+00 1.897849012769771138e-01
1.372827786125092597e-01 4.603842677333207511e+00 4.199710232503699459e+00 3.909760438011991024e+00 3.581148843190566922e+00 3.128457586003630553e+00 2.428471187663800546e+00 2.973829213277535022e+00 2.480285789775871663e+00 2.975260536606455730e+00 3.675245048387837610e+00 4.021241040523804600e+00 3.321273430925001158e+00 3.526272827401281340e+00 3.391967449452716554e+00 2.692002433659893779e+00 2.535477675234908190e+00 3.103170114120908263e+00 3.393133978109017956e+00 8.823360141059253259e-01
6.703836212698306429e-01 4.313922474483945280e+00 3.613931254073007082e+00 3.209786065640268582e+00 3.505613171083469481e+00 3.418388182762803762e+00 2.973853001131124163e+00 2.273867051159015329e+00 2.853780547451450378e+00 3.143741093143336052e+00 3.309495047246507227e+00 3.599434475370021591e+00 3.526272671282608240e+00 2.826298684094417091e+00 3.152114473062620270e+00 3.266336893848696743e+00 2.976400900557551576e+00 2.403190109681678344e+00 3.103186806367835615e+00 8.441787530336678502e-01
2.592795377565509929e-01 4.404733065636692757e+00 3.704760812470852649e+00 3.209786065640268582e+00 2.805640877207530082e+00 3.207136950677699438e+00 3.263775746323474447e+00 2.853802090786440093e+00 2.153818041559258933e+00 2.737925532979810228e+00 2.609500823804335568e+00 3.122235992106362268e+00 3.412170263789937152e+00 3.152119859479712627e+00 2.452132945417022647e+00 2.853617129833200483e+00 2.276440065222152143e+00 2.976410072876724211e+00 3.393114713491639733e+00 2.672676307080050773e-01
5.479593910289903835e-01 4.186545701367280437e+00 3.782397737081032663e+00 3.492442139708437754e+00 3.207120688797864716e+00 2.507159874309675018e+00 2.942567884820912916e+00 3.143719345047674807e+00 2.737937035998530000e+00 2.037953217154927277e+00 2.627231919956159789e+00 2.422248245879617734e+00 3.122245762480035491e+00 3.442024389177773536e+00 2.853639823787458951e+00 2.153651942519168028e+00 2.742225680023301582e+00 2.742273922734566938e+00 3.442247684475565617e+00 3.784142363929858810e-01
7.709599295062563584e-01 3.896602946849981652e+00 3.196614223137798305e+00 2.792469034705059361e+00 2.598323966026228948e+00 2.417584743203216036e+00 2.242584743203215769e+00 2.767568558530565159e+00 3.027851149424396038e+00 2.627247020431136448e+00 1.927273499049033889e+00 2.422248245879617734e+00 3.122228138532767261e+00 3.106636942891568776e+00 2.926068006092885199e+00 2.636099324025400481e+00 2.042273922734565872e+00 2.537248669565149939e+00 3.237240695302015858e+00 5.026391716574689639e-01
2.105384595931494296e-01 3.896602946854158311e+00 3.196614223137798305e+00 3.492445021118546045e+00 3.298296676924478366e+00 3.000882830366915055e+00 2.300918076536548895e+00 2.067584743203215503e+00 2.616594075805762198e+00 2.553056002737849717e+00 1.853073647448588490e+00 2.553064015732702252e+00 3.106607076726247474e+00 2.406651506174743993e+00 2.535075399984954458e+00 1.936140196633519439e+00 2.636100462730839755e+00 2.742273922734566938e+00 3.442250155897560671e+00 7.124744770323202525e-01
2.046074206371520932e-01 4.186545863889251429e+00 3.600759411570536805e+00 3.809182735255684626e+00 3.109208453402025896e+00 2.705063264969287395e+00 3.000885503196376813e+00 2.411593607548985219e+00 1.916618860718401818e+00 2.473680499992259918e+00 1.780093602528612040e+00 2.480081216088735996e+00 2.728880431930324146e+00 2.438922736661805146e+00 1.835103899525335036e+00 2.535058247661391650e+00 2.378859069057092768e+00 2.783004257489831268e+00 3.482991861119408838e+00 6.120794772114810378e-01
