species_evolution/model_grid_steady_state_elevation.txt
ncols 20
nrows 100
xllcorner 0.0
yllcorner 0.0
cellsize 200.0
[rows 64 to 95 of 100, columns 0 to 19 of 20]
7.532868165701854801e-01 4.590666156379810126e+00 4.300728971407472123e+00 4.099117212232711083e+00 3.694979280299820701e+00 3.405042955166868168e+00 3.401490326037914347e+00 2.906545451529634505e+00 2.473717264969556684e+00 1.773731959056049412e+00 1.707894115290496284e+00 2.407870986306626548e+00 2.346614475133058431e+00 1.738951504761252487e+00 2.438905584309538188e+00 2.330078646355918437e+00 2.825053393186502504e+00 3.368797993496371657e+00 3.772944685127561648e+00 2.754367769058619908e-01
5.830710617992660438e-01 4.155458882391781295e+00 3.805463428847579266e+00 3.515515494834773769e+00 3.282176767601064693e+00 3.080101484371470910e+00 2.899366979974091763e+00 2.734371233708881466e+00 2.763643708805094690e+00 2.336435661620304138e+00 1.636450664459320192e+00 2.255840862627102705e+00 1.646638238485842010e+00 2.346605717003903635e+00 2.181670377184826037e+00 2.676645124015410104e+00 3.320016904058465723e+00 3.814990732260020501e+00 4.227548978636262333e+00 7.241424108842825502e-01
6.135995868527919228e-01 3.865513835335488757e+00 3.165517138908196415e+00 2.815517138908195882e+00 2.582183805574862490e+00 2.380111211358493239e+00 2.199371988535480327e+00 2.034380406258619267e+00 2.512998568729754023e+00 2.626358760833470196e+00 2.255862459921376129e+00 1.555889717188538857e+00 2.255857383728338661e+00 2.636574346312569705e+00 2.881658218734633792e+00 3.171605982774693189e+00 3.666565564180159775e+00 4.022513506800591720e+00 3.527592074705641956e+00 5.259694373153614988e-01
4.788429477628189934e-01 4.155433788037159459e+00 3.805436061398454139e+00 3.515493184008934957e+00 3.282159153633275928e+00 3.080086286252635031e+00 2.899340648878007798e+00 2.512999169919797104e+00 1.813020970046832492e+00 2.306575645996607804e+00 2.213582858944557419e+00 1.513601170655426431e+00 2.008575917486010276e+00 2.708566848135776972e+00 3.094656079549833017e+00 3.094682641802743994e+00 3.384640914908683573e+00 3.672533971417412779e+00 3.032617327875057889e+00 9.862599394986709678e-01
9.126982366937240743e-01 3.927721867272078615e+00 3.577724140454911161e+00 3.287776547837410135e+00 3.054442517327742745e+00 2.852369475696610923e+00 2.665287312212395232e+00 2.512525958768542900e+00 2.306557638830542878e+00 1.606602231429975935e+00 2.112409164464727152e+00 1.471617960582141560e+00 2.171615400849875144e+00 2.764661363789848725e+00 2.394691803013272668e+00 2.394691803013272668e+00 3.094691803013273734e+00 3.382586093207767153e+00 2.682617327875057800e+00 7.647041903912916716e-01
4.467911731467186787e-01 3.637784675050903527e+00 2.937787978442503167e+00 2.587787978442505299e+00 2.354454645109173239e+00 2.152382050892805321e+00 1.965299181554109209e+00 1.812546658388914489e+00 1.672546658388914143e+00 1.540259092835684296e+00 1.412457162751145301e+00 2.058565824431184854e+00 2.348519086164664760e+00 2.064708638459549661e+00 1.899717056182689046e+00 2.599717056182689667e+00 3.234608823056892124e+00 2.944703128667438108e+00 2.418042196768598551e+00 1.988090978779123441e-01
6.843389495003006084e-01 3.927719534381761690e+00 3.577727295381424089e+00 3.287787978442501036e+00 3.054440568362460695e+00 2.536846788203518166e+00 2.460273928384689945e+00 2.307521405219498334e+00 2.167521405219497765e+00 2.240243819221250821e+00 2.058586959658969651e+00 1.358611008904991424e+00 2.005119202715396121e+00 1.569733891628966038e+00 2.269729485919549372e+00 2.889616042784757699e+00 2.779924098139119337e+00 2.244716847232322898e+00 2.170554823353306517e+00 5.812649823475366517e-01
4.043428456942186333e-01 4.093797342304903886e+00 3.888781482932848643e+00 3.965322357782716356e+00 3.526796281864685412e+00 3.236846788203519232e+00 3.160261491999675432e+00 3.007496366125947951e+00 2.867483826858902685e+00 2.639204122406083819e+00 2.348522668596597640e+00 2.005116471102907472e+00 1.305158760522506345e+00 2.005140364931667030e+00 2.559638650136100146e+00 2.574890739162629671e+00 2.079942545461089587e+00 1.840571658799584398e+00 2.540550207906799862e+00 9.682353797801382944e-01
6.488919677114283191e-01 3.393826796708939497e+00 3.188801543539524275e+00 3.265374403358348054e+00 3.965331747872346657e+00 3.861539517804715160e+00 3.484197763369033307e+00 2.784210805933382105e+00 2.289236059102798038e+00 1.939236059102797283e+00 1.691748685687505027e+00 1.470389249475717808e+00 1.268316655259348336e+00 1.917100889543753350e+00 2.207061341171282720e+00 2.068928262735183488e+00 1.584967798630505964e+00 2.284959303350794446e+00 2.830495856336915583e+00 5.281555296285415091e-01
2.614658004199110763e-01 3.393801460762113198e+00 2.693826796708943760e+00 3.393805152363708277e+00 3.656517000376803939e+00 3.161583468558320398e+00 3.656499938468203759e+00 3.279185552763965283e+00 2.929179141604332681e+00 2.639217991320489620e+00 2.391723363122509216e+00 2.170358793539911346e+00 1.917086820142482440e+00 1.217127585570449089e+00 1.866829062954472818e+00 1.368943108683576826e+00 2.068925545615735828e+00 2.574881705921495900e+00 2.997746297424776607e+00 5.171616591740557656e-02
6.644133269578712531e-01 3.172448859497967621e+00 2.472467360497158317e+00 3.172437768346794140e+00 3.016601730352150845e+00 2.666608721727739884e+00 3.161583468558320398e+00 3.861523226642250783e+00 3.339716616081442435e+00 2.639726980357464114e+00 2.144752233526880048e+00 1.794752233526879959e+00 1.530177102420420265e+00 1.866832114414622490e+00 1.166870514467207354e+00 1.818292700807700335e+00 2.108254673646276611e+00 2.007837879194151576e+00 2.502801649022646124e+00 1.405890620078057429e-01
7.303782421745846909e-01 2.978316353073708012e+00 2.278322291818329237e+00 2.730803980331554914e+00 2.316608721727741571e+00 3.016605416019573216e+00 3.656487353082383596e+00 3.475012964839211183e+00 3.551548707232277557e+00 3.134701300259512990e+00 2.784697405492199351e+00 2.494740851804523096e+00 2.025151849251003888e+00 2.156800373513817259e+00 1.613308994128084262e+00 1.118334247297499751e+00 1.770109311517648498e+00 1.512863132363567953e+00 2.212846344109768548e+00 6.374620531299690640e-01
3.549358928155776916e-03 3.268220081367534835e+00 2.730809999954022516e+00 2.030834918403038980e+00 2.730816707002182930e+00 3.306502115404129416e+00 3.100841477493271547e+00 2.775014490125823130e+00 2.851587349944646910e+00 3.551546845218881643e+00 3.250429725300377548e+00 2.960482181547319680e+00 2.725139050483953884e+00 2.603233684617788590e+00 2.108283740958666996e+00 1.770124359321843199e+00 1.070144259939993736e+00 1.722425094848804239e+00 2.012395199658258527e+00 8.634042383265382314e-01
8.375326688429614030e-01 2.729707152493203282e+00 2.439741307340010046e+00 1.907091231695393851e+00 2.607091231695389588e+00 2.895798404418947314e+00 2.400848751448431351e+00 2.280039743295242616e+00 2.980018150613906514e+00 3.496578936328251341e+00 2.846317042386759866e+00 2.260512737158331120e+00 2.846276324895177900e+00 2.767504668685946800e+00 2.477547452898582137e+00 2.060082864654255719e+00 1.722431247334356375e+00 1.022460070709681590e+00 1.722447872477736563e+00 2.034422149306056582e-01
7.392740234190917636e-01 2.439744907135259488e+00 1.739759226388578828e+00 2.439730708951668436e+00 2.896985183476671999e+00 2.605865394544927938e+00 1.905874004617850614e+00 2.605824626022033019e+00 2.506682508198148973e+00 3.206640455595898054e+00 2.556367348662043959e+00 1.856367548725592620e+00 2.556347300127260525e+00 2.477573252939691884e+00 1.777580363461944923e+00 1.982574785942073481e+00 1.688923683554223620e+00 9.889361507269411877e-01 1.688916904761915694e+00 7.288013577139468291e-01
8.339226330329759795e-01 2.329071275270048424e+00 1.629079508282685662e+00 2.178094447090593633e+00 2.468049917849123087e+00 2.411706160227419460e+00 1.711728935939020646e+00 1.935134901548744679e+00 2.635122914672709982e+00 2.737758380694789828e+00 2.308864097897315837e+00 1.608880175310300142e+00 2.308861760991419487e+00 2.550291360774044502e+00 1.982592749897816420e+00 1.282605616631360412e+00 1.608395930137512364e+00 9.555269735337068582e-01 1.655516615736795538e+00 7.806728145773444982e-02
6.950674562866324679e-01 2.619006596846492840e+00 1.973088372628453158e+00 1.478113625797871977e+00 2.036669421186036999e+00 2.032977276812501621e+00 1.530989713116007955e+00 2.230981414127448659e+00 2.925029306458314160e+00 2.447822234105866634e+00 1.747822234105866013e+00 1.397822234105865036e+00 1.850315778037404213e+00 1.850334860690574956e+00 1.852011920333916262e+00 1.562044311560418564e+00 9.084398779539649693e-01 1.608406306061980651e+00 1.945458711060631840e+00 3.816314690783905172e-01
9.991012626524634621e-01 2.963000397750954473e+00 2.468048839999078758e+00 2.036677495271078442e+00 1.336692269560562529e+00 1.332999814383774906e+00 2.032962931413980545e+00 2.230989713116003692e+00 2.930956436999685444e+00 2.737756288733374177e+00 2.254468130857465002e+00 1.554480049123311947e+00 1.150334860690572780e+00 1.648231245052190097e+00 1.515950349476323789e+00 8.620812454566884053e-01 1.562047633649065181e+00 1.403414624784549591e+00 2.103399005397822652e+00 2.189418122809108080e-01
6.397273988966931668e-01 2.812167540349928885e+00 2.522216144381211667e+00 2.326610736010367830e+00 1.900687114695714719e+00 1.200712248830545503e+00 1.695686995661128460e+00 2.395661944931380738e+00 2.620016480371726963e+00 2.909932565678663430e+00 2.544425514390497245e+00 2.140256068196214834e+00 1.648250826952680548e+00 9.482622664742033081e-01 8.159747009209734614e-01 1.515945844591141567e+00 1.852018661217361251e+00 2.103399025503409181e+00 2.393348004239996829e+00 6.393090935689981213e-01
4.088717574270998023e-01 2.522220263907208437e+00 1.822234289038113797e+00 2.027237320035335078e+00 1.824770272450368713e+00 1.124786588594015813e+00 1.824755716332744360e+00 2.125024927587981782e+00 1.920025376201977885e+00 2.620018130423062974e+00 2.766621949629918031e+00 2.066656978681369772e+00 1.938166836543151694e+00 1.484393883827289873e+00 7.844162637076133038e-01 1.484395493298524382e+00 1.907621929317132592e+00 2.197570350297644470e+00 2.547565804268471013e+00 1.886145427161504129e-01
8.792629525876488605e-01 2.422255492266400356e+00 2.027229158866791892e+00 1.327259542207531062e+00 1.653053737732910200e+00 1.050166337869552269e+00 1.230905560692564960e+00 1.425050629371394928e+00 1.920025376201977885e+00 2.620004521355550953e+00 2.561613656221506385e+00 1.861631725511953661e+00 1.366656978681369150e+00 1.452918300569923993e+00 7.529536034593287130e-01 9.743130396711157104e-01 1.207646373004449547e+00 1.557646373004450524e+00 2.257643069234692490e+00 1.778635248985764861e-01
6.837159224838053051e-01 2.132318493949031613e+00 1.432328143904133988e+00 1.560734626192474606e+00 9.530938035301371736e-01 1.653073587292439584e+00 1.930888794653824458e+00 2.125027822571245117e+00 1.920025376201977885e+00 2.620006430644003181e+00 2.341132811540505898e+00 1.641132811540505276e+00 1.236987623107765888e+00 9.239381062577947112e-01 7.218655120414257942e-01 1.421840833607072252e+00 1.907621148547763656e+00 2.197582207368092178e+00 2.547577661773452906e+00 1.242209111759728923e-01
4.313677667512765268e-01 2.191463107525674747e+00 1.560765221363111133e+00 8.607805372547270295e-01 1.560753346805763275e+00 1.943013346092806071e+00 2.104874392995048638e+00 2.394812998539000759e+00 2.620007352657797384e+00 2.909936063275028850e+00 2.631055548261692412e+00 2.226911672550869081e+00 1.913849160185406184e+00 1.391179389768983921e+00 6.911979552377431890e-01 1.186172702068327922e+00 1.886167790129476884e+00 2.416652034748922873e+00 2.706601122336573351e+00 3.540697203066898169e-01
8.639060987883240283e-01 1.901537718689537249e+00 1.201550703457701985e+00 7.974055150249641510e-01 1.497388460734951243e+00 1.662152901077339928e+00 1.404894904953846613e+00 1.899869651784429347e+00 2.599853846901923671e+00 2.743549835894268707e+00 2.339423248647980014e+00 2.049466896533985949e+00 1.784885343433856297e+00 1.360626709373830900e+00 6.606474506047043116e-01 1.155622197435289156e+00 1.855604282267583338e+00 1.716683923232209086e+00 2.302470375670138125e+00 1.949277883124879152e-01
3.558065073467733264e-01 1.839426179348345292e+00 1.139435747798574372e+00 7.352905593658363159e-01 1.349083825568352601e+00 9.621760325302738392e-01 1.366321220963011562e+00 1.861295967793594297e+00 2.561265178427814426e+00 2.453620384188660353e+00 1.753625757080328196e+00 1.349480568647588807e+00 1.084905437541129114e+00 8.515721042077952774e-01 6.302126679960086131e-01 1.330205393054396446e+00 2.012483633177636122e+00 1.312538734799469697e+00 2.012520183067535218e+00 9.100796781708349048e-01
4.856081192913622724e-01 2.129361273190845782e+00 1.725210047324009732e+00 1.349091001945837975e+00 6.491265156803035508e-01 1.349090426069313731e+00 1.687380801916640305e+00 1.920725772735548675e+00 2.210685911436246709e+00 2.560657942392249975e+00 2.339403670844813377e+00 2.016410085224736637e+00 1.316449131957945440e+00 8.214767535803308984e-01 6.001173173685442341e-01 1.257954889366595497e+00 1.547906887292907152e+00 1.047963603693009782e+00 1.747945213402850584e+00 6.028543452328207763e-01
7.025921450716787753e-02 2.190293358010088287e+00 1.490314038741458624e+00 9.953392919108757786e-01 5.911941034781378335e-01 7.853391721569675799e-01 9.874117663733362749e-01 1.220745099706669334e+00 1.570745099706669201e+00 2.270743418309371098e+00 2.329754497044545403e+00 1.629767130445809453e+00 1.225621942013070065e+00 1.521448488792775056e+00 1.257946538272665782e+00 5.579822687885249710e-01 1.216110003403066075e+00 8.146302703596759454e-01 1.514616067196869587e+00 7.974319365063609055e-02
7.312571417451623201e-01 2.199180752246784554e+00 1.909212249130849415e+00 1.236357003177066094e+00 5.363658719789808904e-01 1.236336994456082028e+00 1.687378109535964121e+00 1.920731817773255079e+00 2.210683105302353457e+00 2.560669820807616848e+00 2.619709592747851534e+00 2.215571435674237755e+00 1.925621942013072019e+00 1.752944122391159931e+00 1.052957015619109704e+00 1.216115406846514091e+00 5.161492674618212151e-01 1.174826225597257245e+00 1.464794946772035367e+00 4.039377802163277575e-01
1.943020283264773607e-01 1.909244590874119796e+00 1.209253547431692777e+00 1.182005467230508255e+00 4.820353351795376717e-01 8.861805236122752838e-01 1.381155270442858018e+00 2.081141301222239726e+00 2.487109625322887485e+00 2.487147639414681421e+00 3.187093944131459633e+00 2.857762320106728815e+00 2.567807573657006515e+00 2.042906509280276950e+00 1.752950169384321910e+00 1.506089687079217088e+00 1.174830829684395228e+00 4.748655197384499815e-01 1.174853443945913734e+00 5.408396165304752978e-01
1.592740295007372131e-01 1.993605042159567020e+00 1.414258554828319747e+00 7.142788006011100421e-01 4.285049972764066739e-01 8.326501857091441750e-01 1.327624932539726910e+00 2.027594480785737563e+00 1.787147639414686129e+00 2.427068307154206295e+00 2.831215225221764609e+00 2.453651687797987258e+00 1.867850943957412024e+00 2.453595472913392417e+00 2.160893050209945709e+00 1.640752780909668918e+00 9.407743486202249095e-01 4.457996017896410090e-01 1.145780355192180133e+00 3.323507285862666860e-01
6.635011973962713361e-01 1.697760504332890941e+00 1.003691872751699909e+00 1.003647419857197187e+00 3.764744070391050634e-01 8.714491538696875761e-01 1.571436162498798694e+00 1.807134631787476575e+00 1.437147639414686484e+00 1.841292827847424540e+00 2.541258940691294654e+00 2.163695043365019277e+00 1.463705755524672636e+00 2.163670550467505116e+00 1.870975498573005602e+00 1.170978584121297850e+00 7.668333956885584612e-01 4.168333956885581504e-01 1.116814150230342140e+00 1.352949206601794518e-01
8.358366615112535758e-01 1.407826896415588447e+00 7.078370611844375659e-01 3.036918727517000094e-01 1.003662025433193383e+00 1.366389809843499892e+00 1.807120454271533116e+00 1.107164474860964809e+00 1.521365689484390771e+00 1.811330144997878699e+00 2.096580951671903392e+00 1.806629682204692555e+00 1.216218382109380158e+00 1.586229644966824726e+00 1.876151466103400667e+00 1.582966292326603686e+00 8.829895985834004257e-01 3.880148517528165253e-01 1.087995604906912828e+00 7.301998277223161748e-01
