species_evolution/model_grid_steady_state_elevation_low_relief.txt
ncols 300
nrows 100
xllcorner 0.0
yllcorner 0.0
cellsize 50.0
[rows 17 to 33 of 100, columns 0 to 36 of 300]
9.037092454817030607e-02 3.325668931513309303e+02 2.329970099160696293e+02 1.747015636034975330e+02 2.731513594865107848e+02 2.556902394378430756e+02 3.141921159968029542e+02 4.136147210806726662e+02 4.189397714938469903e+02 3.678751169069420257e+02 3.265652445215184798e+02 2.928985640051218411e+02 2.635002122007717844e+02 2.012478068024326490e+02 1.305835106534696877e+02 8.030829332096719497e+01 1.717272475659275415e+02 1.746631704151985218e+02 2.728819438476262462e+02 2.295045148238069999e+02 3.116153472329095848e+02 3.625372187381115054e+02 3.958728243702838085e+02 3.507739695345732684e+02 2.783819829434144708e+02 1.795383475577293382e+02 2.516929959914936887e+02 2.537961527846974548e+02 2.938402298935121735e+02 2.373612637444014979e+02 1.839996591900008696e+02 8.491399078112732468e+01 1.693053781021417592e+02 7.141071904210841126e+01 1.700554528897541502e+02 2.179099646842146853e+02 2.554731969966170197e+02
4.420869692191380373e-01 3.728844198760215249e+02 2.885333502230364502e+02 1.890866533817199411e+02 2.887153015953123827e+02 3.547960200572547933e+02 3.966080049043066538e+02 4.538879826230340768e+02 3.785986480337652438e+02 2.782192403265127041e+02 2.272977164656604145e+02 1.933842119541153011e+02 1.640455418006202706e+02 1.377931289532172912e+02 1.132371017525837402e+02 1.781287116391438303e+02 8.654953311330844201e+01 1.576299468493630513e+02 2.573957149769050829e+02 3.282620900885751780e+02 3.698109890007863783e+02 4.255261263411936739e+02 3.279125206917773312e+02 2.562994131253062164e+02 2.108586485808411908e+02 2.785084778626416551e+02 2.805648911627542930e+02 3.513608067686434424e+02 2.544278751838009782e+02 1.543544349320619631e+02 9.605149348538606091e+01 1.835911719427464561e+02 2.110935621267719569e+02 1.693315722127088350e+02 7.771310737407340241e+01 1.769819901504533277e+02 2.420643464443109565e+02
8.464284869249026899e-01 3.709107636364094560e+02 3.029330782228582848e+02 2.040349607631476090e+02 3.031218419688131007e+02 3.821252340924564805e+02 4.279108765321623764e+02 4.853616908232044693e+02 4.193397647474459404e+02 3.678468415051835905e+02 3.265480847697397735e+02 2.928293351541809670e+02 2.633861940524058696e+02 2.369815103433400338e+02 2.122104632604943220e+02 1.894102826918085043e+02 9.102657883641361991e+01 1.895840748503976840e+02 2.465379300191760308e+02 3.165380113579734598e+02 3.242782909100237134e+02 3.659427412907922985e+02 3.958597857142049747e+02 3.371718792314308644e+02 2.380144354369164716e+02 3.372111863821999123e+02 3.787164972603667934e+02 3.325006112812976085e+02 2.330870464091046870e+02 1.619421384352911275e+02 1.039977126529521030e+02 2.028504951569783827e+02 1.836132732884366305e+02 8.413312083165723720e+01 1.754449402235152888e+02 1.016760107965138786e+02 1.729878068812680851e+02
6.141386437462179604e-01 3.304038337179668474e+02 2.308426387093351764e+02 3.023820189722578675e+02 2.426271283766272120e+02 2.877250073130487067e+02 3.462968614093457518e+02 4.453201513848493960e+02 4.275968698644924757e+02 3.803062420932312193e+02 3.393825816201909902e+02 3.316974867911508795e+02 2.908994420978062294e+02 2.458605812704704192e+02 1.969148211642739170e+02 9.813091577341791094e+01 1.890325191677405883e+02 1.057916889229237114e+02 1.764791140784304275e+02 2.514382387299414461e+02 2.245309536996406905e+02 3.240772096804623743e+02 4.006428657076495483e+02 3.680529187481000122e+02 2.686582749485421004e+02 3.676492780833156075e+02 3.514564617457865552e+02 3.005261506620799423e+02 2.585810537473155364e+02 2.105629676625306672e+02 1.122413374209144337e+02 2.112633040553200487e+02 1.879269563299860977e+02 8.864744983861476157e+01 1.871155003694669858e+02 1.195118586129124338e+02 1.905127550524439357e+02
3.259476769623992354e-01 3.498416644138242759e+02 2.507407213480548478e+02 3.492179928331001406e+02 3.421240549912317874e+02 3.011866188678118874e+02 4.002839069051080969e+02 4.142454808394211341e+02 3.635910680359322669e+02 2.873918584325508618e+02 2.400897227918796943e+02 2.567861443485365953e+02 1.920447222064515529e+02 2.037363794183624179e+02 1.052332960769009560e+02 1.965684589606193526e+02 2.383790028661410645e+02 2.046259566315031009e+02 1.206901970344979986e+02 1.526334287037860236e+02 2.027643234830749464e+02 2.610692016018277855e+02 3.609757820306339795e+02 4.034137248664650883e+02 3.046426590027185739e+02 4.029950409940235545e+02 3.112032519381520501e+02 2.106852432681994003e+02 1.597525580730833497e+02 1.238846016022086332e+02 2.109711024284178507e+02 2.394750708724407673e+02 1.919237289765665935e+02 9.327961231476646731e+01 1.921781273153066252e+02 1.384634749396571465e+02 2.368224213915941050e+02
5.542914561312851651e-01 3.709701968639116103e+02 2.718442036456505662e+02 3.301379747183672180e+02 4.283132098939772732e+02 3.598069878668892443e+02 4.409910213297962400e+02 3.740860482473133857e+02 2.737793416837139944e+02 2.228443773731415263e+02 1.869742481833406771e+02 1.577566572900901178e+02 1.337782023831775007e+02 1.122405503632822814e+02 2.033780988688278057e+02 1.772685054200403556e+02 2.759907802051665726e+02 2.312685628453436095e+02 1.319061517542427850e+02 1.698632288066555702e+02 2.149423643013357150e+02 2.732020968268010961e+02 3.731620979245931267e+02 4.443874868922140990e+02 3.633002062854918677e+02 4.430931830241287912e+02 3.521284657307137991e+02 2.998014214760797813e+02 2.314984621264348448e+02 1.323715894831705100e+02 2.311068965247778806e+02 1.998331827422562128e+02 9.989316744046463725e+01 1.912055468793016644e+02 2.328714387254149472e+02 2.371396495261072346e+02 1.669922137124880805e+02
7.711441462257566659e-01 3.949148704210547862e+02 2.958091066917817216e+02 3.949638453314189519e+02 4.702627375381587171e+02 4.595425802296958295e+02 4.982470680933004132e+02 4.146533270462143150e+02 3.630423928399940223e+02 3.222900938888087694e+02 2.864002494182092846e+02 2.568642029658942079e+02 2.161615727721907376e+02 1.173800780956324985e+02 2.166615557645233707e+02 2.763153706948915556e+02 3.167436929831497991e+02 2.432616483935651104e+02 1.439031329774071537e+02 2.430399261497119028e+02 3.101202870748859368e+02 3.557428246318767151e+02 4.146552696875673973e+02 5.022260487704326692e+02 4.619881524716895456e+02 4.082467409414986719e+02 3.639152022765004517e+02 2.942851796696381257e+02 2.397707050847586459e+02 1.410544480844882287e+02 2.403613089917527930e+02 2.398859151368918390e+02 1.977866095696110733e+02 1.064597594635482523e+02 1.648227915411576419e+02 2.640659440420126316e+02 2.660528014562205499e+02
7.744284735722303248e-01 4.211908855602179074e+02 3.219979943928035482e+02 3.928239341602019863e+02 4.917700417698144406e+02 4.874025946032936076e+02 4.301365017418972343e+02 3.842398084384377626e+02 3.433301889872820425e+02 3.594552040955083498e+02 3.187676737693137738e+02 2.707264639876552224e+02 2.212656295359197998e+02 1.225960072551211937e+02 1.935841769331937030e+02 2.928633090009298598e+02 3.136862106352124897e+02 2.143833787383035769e+02 1.560804960185839718e+02 2.551578937141220251e+02 3.295929350387728505e+02 3.753283529424671769e+02 4.338976405445566797e+02 4.818740675636159949e+02 4.277740470182974377e+02 3.573488751662643494e+02 2.669383231947917920e+02 2.240607634551061835e+02 1.535806647571093890e+02 2.398462066151342924e+02 2.806952646768296518e+02 2.126944385857946429e+02 1.130458971615586989e+02 2.046175228579119789e+02 2.074434710131251052e+02 3.054423976601100321e+02 3.391270039199270627e+02
8.248554565081550605e-01 4.593534358905741897e+02 3.602189490788873627e+02 3.936311119878901081e+02 4.926847622836673395e+02 4.475543781673215449e+02 3.474743847346600205e+02 2.888080647947841157e+02 2.436032238332628310e+02 2.914589718584176126e+02 2.199819970939272480e+02 2.286587010407491221e+02 1.301270134789763802e+02 2.204758807870548480e+02 2.053983789063397012e+02 3.051350746853518103e+02 3.537634391900334094e+02 2.701892375671583295e+02 1.709480496506042186e+02 1.899202458880889992e+02 2.349898426986205209e+02 2.933563034042444428e+02 3.932142416573166201e+02 4.321961441629843534e+02 3.420207688514298070e+02 2.871511833417430921e+02 2.164127062657358920e+02 1.662285027541882982e+02 2.521008425310163545e+02 2.544110877005025202e+02 2.878233208941272778e+02 1.887882356039219189e+02 1.176212645699114745e+02 1.887349719319532539e+02 2.875594175843388030e+02 3.479305478287397477e+02 4.159181975002761646e+02
8.741265435000461492e-01 5.006375259641733351e+02 4.111291855777444084e+02 4.928600883249883964e+02 5.330742602294492372e+02 4.814735172634333935e+02 4.199243436616798704e+02 3.215121792104676501e+02 2.507492678937604751e+02 1.928126106563739768e+02 1.645387345136947772e+02 1.375598195397074335e+02 2.281373443775552232e+02 1.847239861426118637e+02 2.834251670881550922e+02 3.457850155317945564e+02 3.562321676281324585e+02 2.571611108432251740e+02 1.862489855348721619e+02 2.842761324062022936e+02 2.333343424454339754e+02 3.039633358790530906e+02 4.028296238052046192e+02 3.921061776617962096e+02 2.922528883655561458e+02 2.414711772711486901e+02 2.057484340177517765e+02 1.753851081101194893e+02 2.748029875857731099e+02 3.525995576727700609e+02 3.167125060465152160e+02 2.215866585448071930e+02 1.223913135502354805e+02 2.208177353152682940e+02 2.700551928881040453e+02 3.074791442038804234e+02 3.499181144870935327e+02
6.364769656219076976e-01 5.508758312166426094e+02 5.104934597552514219e+02 5.497735341936271425e+02 5.021302603583843052e+02 4.315643369577408066e+02 3.411972885290145427e+02 3.389590449102313414e+02 3.032986376987593644e+02 2.902324467515535389e+02 2.411268035055314272e+02 1.430595978264640280e+02 2.419699779526346504e+02 2.833262301935695291e+02 2.568503155090779160e+02 3.562063724373839477e+02 3.598125071953310794e+02 2.604103979577863583e+02 2.022563601548253303e+02 3.013826462215484980e+02 3.322542866205480436e+02 2.877217278947544514e+02 3.873206553927299751e+02 4.326381617680733029e+02 3.822316519751066721e+02 3.061183032454572981e+02 2.836431918936698366e+02 1.851539948670538536e+02 2.560603398338997181e+02 3.545308944531981865e+02 2.772654574102762126e+02 1.768853998191723349e+02 2.207147151846511974e+02 1.292145245542726855e+02 2.276511320176424817e+02 2.080319013775360872e+02 3.073367045411432059e+02
5.041919911274790334e-01 5.061307239937035547e+02 4.650343501945336016e+02 4.643205206652975221e+02 4.228806040522775334e+02 3.615579705972839974e+02 2.906503688956104270e+02 2.402857311485878142e+02 2.044750618471674102e+02 2.492361935826651518e+02 1.510074672902239570e+02 2.414024603809227187e+02 1.977363930537206045e+02 2.969397570129549990e+02 3.558901774821531490e+02 3.978533374305793018e+02 3.998089043224264856e+02 3.183908838827688328e+02 2.193959081730215530e+02 2.903818368094341054e+02 3.888554487039513674e+02 3.460072257847131709e+02 3.888965671584134043e+02 4.868997467645466486e+02 4.458709835527819223e+02 3.654860610410974004e+02 2.662104174935299739e+02 1.950456313148431775e+02 2.532072704517940736e+02 3.524011042136897913e+02 3.178482954938219791e+02 2.353111229814634555e+02 2.692906207286274594e+02 2.279127298694629360e+02 1.359529547113532146e+02 2.340191287012152372e+02 2.296341131265794218e+02
4.874612525402843843e-01 4.646526389158120196e+02 3.652421788935535005e+02 3.921345683494752166e+02 3.232702925001761969e+02 3.400399715106737517e+02 3.177976946351559491e+02 2.966534569311536416e+02 2.572262454290521987e+02 1.589792102014483248e+02 2.489437395375944106e+02 2.909883405647111658e+02 2.966883317772310988e+02 2.698650772850943440e+02 3.698416842782423828e+02 4.522275021478463373e+02 3.540004202366723689e+02 2.827241310236780691e+02 2.375073673164641264e+02 3.085311785356598762e+02 4.080592323915327597e+02 4.455460038331029864e+02 4.852816327262228242e+02 4.499687107861051345e+02 4.081207290631693354e+02 3.615983944718590237e+02 3.039638106915951994e+02 2.054411486617208880e+02 3.045099261063223253e+02 3.926189319802453497e+02 3.758057841478330374e+02 3.343389918162727099e+02 2.914617476577524258e+02 2.407511884179226342e+02 1.420970819227806032e+02 1.467273367914860955e+02 2.453559686900158567e+02
5.946749792417829195e-01 4.632400452261827581e+02 3.640623343046902392e+02 2.932630285778281518e+02 2.649619235097640626e+02 2.411005607629528242e+02 2.189286135896105918e+02 1.981892854864968569e+02 1.786393153369320714e+02 2.569354535918968736e+02 1.678693838327804428e+02 2.667608635898349121e+02 3.173722118405357833e+02 3.685029392557657957e+02 4.105918641728508192e+02 4.812933564068807186e+02 3.834192784391572673e+02 3.573095542031554714e+02 2.588793083768638326e+02 3.576640164100948596e+02 4.359238729047213496e+02 4.939538564328595953e+02 4.780589133351501800e+02 4.081875766700156305e+02 3.087729060997482406e+02 3.194893406385745038e+02 2.208992440394324035e+02 3.039881961252335145e+02 2.698836389746651889e+02 3.696025863772687217e+02 3.846249477807523931e+02 3.266822963530156585e+02 2.504801530064745805e+02 1.509855568467362730e+02 2.406077248196774292e+02 2.454465552105852737e+02 1.578057786557958480e+02
2.463758980390973186e-02 4.646484977796217208e+02 3.652402647576275854e+02 3.924823727479446802e+02 3.646212243149503820e+02 3.406539994034130814e+02 3.181230524367791190e+02 2.961095406048270888e+02 1.991098294162802063e+02 2.975899761664010157e+02 2.668127520137060742e+02 1.768237285209596905e+02 2.758531363182488576e+02 3.263465990530776821e+02 3.719879876271830881e+02 4.304109421275410341e+02 4.300190793740678714e+02 3.310036144892366110e+02 3.572274221129392231e+02 2.961221348366881330e+02 3.544939659592271823e+02 4.539877739169504594e+02 4.371291700059761069e+02 3.377375144810819165e+02 3.349325388134635659e+02 2.367765727615330889e+02 3.192248220871414333e+02 3.609620332947837369e+02 3.411945455918216226e+02 4.092096540110744627e+02 3.444044846589246163e+02 2.446818266882835644e+02 1.864141996476576253e+02 1.571407347578210363e+02 2.562918846979095520e+02 2.979095032264344241e+02 2.568747951455183056e+02
9.714498240715944144e-01 5.058300501050861726e+02 4.643515277930562206e+02 4.655642733402338536e+02 4.275680581458405527e+02 3.951810952960432246e+02 3.304733153241829200e+02 2.315072589539343255e+02 2.982374631465082757e+02 2.999373977928982526e+02 3.171134951982388657e+02 2.755618085399037795e+02 1.856985562017279960e+02 2.309975546791020804e+02 2.896344140321251075e+02 3.898254131984107858e+02 4.702277098522264396e+02 4.303860054546063338e+02 3.599946810868883063e+02 3.669351647190167682e+02 3.787905067167192783e+02 4.770883174347952149e+02 4.151586755301673861e+02 3.536955424249454154e+02 2.549593862192614040e+02 3.351432108186077699e+02 2.769149229668454382e+02 3.759200022649042694e+02 4.394050446936220169e+02 4.112349627005613684e+02 3.117822404547729889e+02 2.407091393393788792e+02 2.619191723205818221e+02 1.635676361586367307e+02 2.347136222045764669e+02 3.332479292639908408e+02 3.101243626930946107e+02
8.115776120910033198e-01 5.251660789730285614e+02 4.258823574015133318e+02 3.674214841156643843e+02 3.289611708723205084e+02 2.968197888821573542e+02 2.686453868692622109e+02 3.024822378085584091e+02 3.720165110218454174e+02 3.980040572822412628e+02 3.425196440501757138e+02 2.907675089725588577e+02 1.921540044415851582e+02 2.906772671783674014e+02 3.585329918646478973e+02 4.008613189292908601e+02 4.519000916727789559e+02 4.988668078356278102e+02 4.185251661752030259e+02 4.665402525857279556e+02 4.778556906589412279e+02 4.657588930767607849e+02 3.738353272175538109e+02 2.740662328114474349e+02 3.536018945385609413e+02 3.954015053672823683e+02 3.763418877727849576e+02 3.224838044021169594e+02 4.220027258092209763e+02 4.228003325304187570e+02 3.234664966664748817e+02 3.387027131978106240e+02 2.693053629174601724e+02 1.701391205464151710e+02 2.685909099026471836e+02 3.199427144787176758e+02 3.689758854377285502e+02
